4d 5a 90 00 03 00 00 00  04 00 00 00 ff ff 00 00
b8 00 00 00 00 00 00 00  40 00 00 00 00 00 00 00
00 00 00 00 00 00 00 00  00 00 00 00 00 00 00 00
00 00 00 00 00 00 00 00  00 00 00 00 00 01 00 00
0e 1f ba 0e 00 b4 09 cd  21 b8 01 4c cd 21 54 68
69 73 20 70 72 6f 67 72  61 6d 20 63 61 6e 6e 6f
74 20 62 65 20 72 75 6e  20 69 6e 20 44 4f 53 20
6d 6f 64 65 2e 0d 0d 0a  24 00 00 00 00 00 00 00
ba 37 01 50 fe 56 6f 03  fe 56 6f 03 fe 56 6f 03
f7 2e fc 03 f0 56 6f 03  f5 39 6e 02 fc 56 6f 03
f5 39 6a 02 ed 56 6f 03  f5 39 6b 02 f4 56 6f 03
f5 39 6c 02 fc 56 6f 03  a5 3e 6e 02 f7 56 6f 03
fe 56 6e 03 a7 56 6f 03  38 39 67 02 fc 56 6f 03
38 39 90 03 ff 56 6f 03  38 39 6d 02 ff 56 6f 03
52 69 63 68 fe 56 6f 03  00 00 00 00 00 00 00 00
00 00 00 00 00 00 00 00  00 00 00 00 00 00 00 00
50 45 00 00 64 86 06 00  bf 65 5a 5f 00 00 00 00
00 00 00 00 f0 00 22 00  0b 02 0e 19 00 1e 00 00
00 4e 00 00 00 00 00 00  74 22 00 00 00 10 00 00
00 00 00 40 01 00 00 00  00 10 00 00 00 02 00 00
06 00 00 00 00 00 00 00  06 00 00 00 00 00 00 00
00 b0 00 00 00 04 00 00  00 00 00 00 03 00 60 81
00 00 10 00 00 00 00 00  00 10 00 00 00 00 00 00
00 00 10 00 00 00 00 00  00 10 00 00 00 00 00 00
00 00 00 00 10 00 00 00  00 00 00 00 00 00 00 00
4c 61 00 00 04 01 00 00  00 90 00 00 e0 01 00 00
00 80 00 00 ac 02 00 00  00 00 00 00 00 00 00 00
00 a0 00 00 28 01 00 00  5c 5a 00 00 38 00 00 00
00 00 00 00 00 00 00 00  00 00 00 00 00 00 00 00
00 00 00 00 00 00 00 00  a0 5a 00 00 30 01 00 00
00 00 00 00 00 00 00 00  00 30 00 00 f0 02 00 00
00 00 00 00 00 00 00 00  00 00 00 00 00 00 00 00
00 00 00 00 00 00 00 00  2e 74 65 78 74 00 00 00
a8 1d 00 00 00 10 00 00  00 1e 00 00 00 04 00 00
00 00 00 00 00 00 00 00  00 00 00 00 20 00 00 60
2e 72 64 61 74 61 00 00  16 3d 00 00 00 30 00 00
00 3e 00 00 00 22 00 00  00 00 00 00 00 00 00 00
00 00 00 00 40 00 00 40  2e 64 61 74 61 00 00 00
50 06 00 00 00 70 00 00  00 02 00 00 00 60 00 00
00 00 00 00 00 00 00 00  00 00 00 00 40 00 00 c0
2e 70 64 61 74 61 00 00  ac 02 00 00 00 80 00 00
00 04 00 00 00 62 00 00  00 00 00 00 00 00 00 00
00 00 00 00 40 00 00 40  2e 72 73 72 63 00 00 00
e0 01 00 00 00 90 00 00  00 02 00 00 00 66 00 00
00 00 00 00 00 00 00 00  00 00 00 00 40 00 00 40
2e 72 65 6c 6f 63 00 00  28 01 00 00 00 a0 00 00
00 02 00 00 00 68 00 00  00 00 00 00 00 00 00 00
00 00 00 00 40 00 00 42  00 00 00 00 00 00 00 00
00 00 00 00 00 00 00 00  00 00 00 00 00 00 00 00
00 00 00 00 00 00 00 00  00 00 00 00 00 00 00 00
00 00 00 00 00 00 00 00  00 00 00 00 00 00 00 00
00 00 00 00 00 00 00 00  00 00 00 00 00 00 00 00
00 00 00 00 00 00 00 00  00 00 00 00 00 00 00 00
00 00 00 00 00 00 00 00  00 00 00 00 00 00 00 00
00 00 00 00 00 00 00 00  00 00 00 00 00 00 00 00
00 00 00 00 00 00 00 00  00 00 00 00 00 00 00 00
00 00 00 00 00 00 00 00  00 00 00 00 00 00 00 00
00 00 00 00 00 00 00 00  00 00 00 00 00 00 00 00
00 00 00 00 00 00 00 00  00 00 00 00 00 00 00 00
00 00 00 00 00 00 00 00  00 00 00 00 00 00 00 00
00 00 00 00 00 00 00 00  00 00 00 00 00 00 00 00
00 00 00 00 00 00 00 00  00 00 00 00 00 00 00 00
00 00 00 00 00 00 00 00  00 00 00 00 00 00 00 00
00 00 00 00 00 00 00 00  00 00 00 00 00 00 00 00
48 8d 05 31 66 00 00 c3  cc cc cc cc cc cc cc cc
48 89 4c 24 08 48 89 54  24 10 4c 89 44 24 18 4c
89 4c 24 20 53 56 57 48  83 ec 30 48 8b f9 48 8d
74 24 58 b9 01 00 00 00  ff 15 82 22 00 00 48 8b
d8 e8 ba ff ff ff 45 33  c9 48 89 74 24 20 4c 8b
c7 48 8b d3 48 8b 08 ff  15 4b 22 00 00 48 83 c4
30 5f 5e 5b c3 cc cc cc  cc cc cc cc cc cc cc cc
4c 89 44 24 18 4c 89 4c  24 20 53 55 56 48 83 ec
40 48 8d 42 ff 49 8b e8  48 8b f1 48 3d fe ff ff
7f 76 1b b8 57 00 07 80  48 85 d2 0f 84 86 00 00
00 33 db 66 89 19 48 83  c4 40 5e 5d 5b c3 48 89
7c 24 38 33 db 4c 89 74  24 30 48 8d 7a ff 4c 8d
74 24 78 e8 38 ff ff ff  4c 89 74 24 28 4c 8b cd
4c 8b c7 48 89 5c 24 20  48 8b d6 48 8b 08 48 83
c9 01 ff 15 e0 21 00 00  4c 8b 74 24 30 b9 ff ff
ff ff 85 c0 0f 48 c1 85  c0 78 1c 48 98 48 3b c7
77 15 75 1c 66 89 1c 7e  8b c3 48 8b 7c 24 38 48
83 c4 40 5e 5d 5b c3 66  89 1c 7e bb 7a 00 07 80
48 8b 7c 24 38 8b c3 48  83 c4 40 5e 5d 5b c3 cc
48 89 5c 24 08 48 89 74  24 10 57 48 83 ec 20 44
8b 05 e6 64 00 00 48 8b  fa 8b d9 83 f9 01 0f 8e
f8 00 00 00 48 8b 57 08  48 83 c7 08 66 83 3a 2d
0f 85 e6 00 00 00 0f b7  4a 02 83 e9 63 0f 84 aa
00 00 00 83 e9 01 74 1d  83 e9 04 0f 84 f6 00 00
00 83 f9 01 0f 85 e1 00  00 00 89 0d 98 64 00 00
e9 ac 00 00 00 ff cb 48  8b f7 83 fb 01 0f 8e 11
01 00 00 48 8b 4f 08 48  83 c7 08 66 83 39 2d 0f
84 ff 00 00 00 45 33 c0  33 d2 ff 15 00 20 00 00
89 05 66 64 00 00 44 8b  c0 85 c0 75 74 48 8b 56
08 48 8d 0d e8 33 00 00  e8 33 fe ff ff 48 8d 15
b4 35 00 00 48 8d 0d b5  35 00 00 e8 20 fe ff ff
48 8d 0d 79 37 00 00 e8  14 fe ff ff 48 8d 0d bd
39 00 00 e8 08 fe ff ff  b8 ff ff ff ff 48 8b 5c
24 30 48 8b 74 24 38 48  83 c4 20 5f c3 ff cb 83
fb 01 0f 8e 9d 00 00 00  48 8b 47 08 48 83 c7 08
66 83 38 2d 0f 84 8b 00  00 00 48 89 05 ef 63 00
00 ff cb 83 fb 01 0f 8f  08 ff ff ff 83 3d d5 63
00 00 00 0f 84 7d 00 00  00 45 85 c0 0f 84 74 00
00 00 48 8d 0d 67 34 00  00 eb 98 48 8d 0d 26 34
00 00 e9 61 ff ff ff 48  8d 15 1a 35 00 00 48 8d
0d 1b 35 00 00 e8 86 fd  ff ff 48 8d 0d df 36 00
00 e8 7a fd ff ff 48 8d  0d 23 39 00 00 e8 6e fd
ff ff 33 c0 48 8b 5c 24  30 48 8b 74 24 38 48 83
c4 20 5f c3 48 8d 0d 45  33 00 00 e8 50 fd ff ff
e9 18 ff ff ff 48 8d 0d  84 33 00 00 e8 3f fd ff
ff e9 07 ff ff ff 48 83  3d 52 63 00 00 00 75 0c
48 8d 0d 59 34 00 00 e9  17 ff ff ff 48 8b 5c 24
30 48 8b 74 24 38 48 83  c4 20 5f e9 00 00 00 00
48 89 5c 24 08 48 89 6c  24 10 48 89 74 24 18 48
89 7c 24 20 41 56 48 81  ec c0 00 00 00 48 8b 05
e4 5c 00 00 48 33 c4 48  89 84 24 b0 00 00 00 45
33 f6 48 c7 c7 ff ff ff  ff 4c 89 74 24 40 48 8b
f7 e8 1a 03 00 00 48 8d  15 e3 3a 00 00 85 c0 75
11 48 8d 0d 08 3b 00 00  e8 b3 fc ff ff e9 a5 02
00 00 48 8d 0d 3f 3b 00  00 e8 a2 fc ff ff 0f 57
c0 48 8d 4c 24 70 0f 11  44 24 70 ff 15 bf 1d 00
00 85 c0 0f 85 72 02 00  00 48 8d 54 24 40 48 8d
4c 24 70 ff 15 c7 1d 00  00 85 c0 0f 85 5a 02 00
00 48 8b 5c 24 40 48 85  db 0f 84 4c 02 00 00 0f
57 c0 33 c0 b9 08 02 00  00 48 89 84 24 a8 00 00
00 0f 11 84 24 88 00 00  00 48 89 84 24 80 00 00
00 0f 11 84 24 98 00 00  00 0f 11 44 24 70 ff 15
f4 1d 00 00 48 8b e8 48  85 c0 74 4b 4c 8b cb 4c
8d 05 42 3e 00 00 ba 04  01 00 00 48 8b c8 e8 6d
fc ff ff ba 01 00 00 00  48 8d 8c 24 88 00 00 00
ff 15 2a 1c 00 00 85 c0  75 2e ff 15 78 1c 00 00
8b d0 48 8d 0d 47 3e 00  00 e8 e2 fb ff ff 48 8b
cd ff 15 99 1d 00 00 48  8d 0d 02 3b 00 00 e8 cd
fb ff ff e9 c8 01 00 00  45 33 c9 4c 8d 44 24 78
48 8d 0d 81 3e 00 00 41  8d 51 01 ff 15 ef 1b 00
00 85 c0 75 11 ff 15 2d  1c 00 00 8b d0 48 8d 0d
8c 3e 00 00 eb b3 48 8d  44 24 70 41 b9 0a 00 00
00 48 89 44 24 38 45 33  c0 44 89 74 24 30 ba 03
00 00 40 c7 44 24 28 00  08 00 00 48 8b cd c7 44
24 20 00 08 00 00 ff 15  0c 1c 00 00 48 8b d8 48
3b c6 75 14 ff 15 de 1b  00 00 8b d0 48 8d 0d dd
3e 00 00 e9 61 ff ff ff  48 8b cd ff 15 ff 1c 00
00 48 85 db 0f 84 5d ff  ff ff 0f 57 c0 45 33 c9
45 33 c0 33 c9 0f 11 44  24 48 41 8d 51 01 0f 11
44 24 58 ff 15 a7 1b 00  00 48 8b f8 48 85 c0 75
09 48 8d 3d e8 3e 00 00  eb 34 0f 57 c0 48 89 7c
24 60 48 8d 54 24 48 48  8b cb f3 0f 7f 44 24 50
ff 15 4a 1b 00 00 85 c0  75 3e ff 15 68 1b 00 00
3d e5 03 00 00 74 31 48  8d 3d 02 3f 00 00 ff 15
54 1b 00 00 8b d0 48 8b  cf e8 c2 fa ff ff 48 8d
0d 3b 3a 00 00 e8 b6 fa  ff ff 48 8b cb ff 15 25
1b 00 00 e9 b6 00 00 00  48 8d 0d 71 3a 00 00 e8
9c fa ff ff 4c 8b 4c 24  40 48 8d 44 24 68 48 89
44 24 28 4c 8d 05 66 03  00 00 33 d2 44 89 74 24
20 33 c9 44 89 74 24 68  ff 15 e2 1a 00 00 48 8b
f0 48 85 c0 75 25 ff 15  ec 1a 00 00 8b d0 48 8d
0d db 3e 00 00 e8 56 fa  ff ff 48 8d 0d 5f 3a 00
00 e8 4a fa ff ff 48 8b  cb eb 3f ba 88 13 00 00
48 8b cf ff 15 d7 1a 00  00 85 c0 74 11 48 8d 0d
9c 3a 00 00 e8 27 fa ff  ff 48 8b cb eb 1c 48 8b
cb e8 1a 05 00 00 48 8b  cb eb 0f 48 8d 0d de 38
00 00 e8 09 fa ff ff 48  8b cf ff 15 78 1a 00 00
48 8b cf ff 15 6f 1a 00  00 48 85 f6 74 09 48 8b
ce ff 15 61 1a 00 00 33  c0 48 8b 8c 24 b0 00 00
00 48 33 cc e8 b7 09 00  00 4c 8d 9c 24 c0 00 00
00 49 8b 5b 10 49 8b 6b  18 49 8b 73 20 49 8b 7b
28 49 8b e3 41 5e c3 cc  cc cc cc cc cc cc cc cc
40 55 53 41 56 48 8b ec  48 83 ec 70 48 8b 05 95
59 00 00 48 33 c4 48 89  45 f0 33 db 4c 89 bc 24
a0 00 00 00 49 c7 c7 ff  ff ff ff 89 5d c0 4c 89
7d c8 44 8b f3 ff 15 25  1a 00 00 48 8b c8 4c 8d
45 c8 8d 53 28 ff 15 85  19 00 00 85 c0 75 19 ff
15 e3 19 00 00 8b d0 48  8d 0d 12 3a 00 00 e8 4d
f9 ff ff e9 e8 01 00 00  44 8b 4d c0 48 8d 45 c0
48 8b 4d c8 45 33 c0 48  89 44 24 20 41 8d 50 03
ff 15 7a 19 00 00 85 c0  75 24 ff 15 a8 19 00 00
83 f8 7a 74 19 ff 15 9d  19 00 00 8b d0 48 8d 0d
1c 3a 00 00 e8 07 f9 ff  ff e9 a2 01 00 00 8b 4d
c0 ff 15 c1 1a 00 00 4c  8b f0 48 85 c0 0f 84 8d
01 00 00 44 8b 4d c0 48  8d 45 c0 48 8b 4d c8 4d
8b c6 ba 03 00 00 00 48  89 44 24 20 ff 15 1e 19
00 00 85 c0 75 19 ff 15  4c 19 00 00 8b d0 48 8d
0d cb 39 00 00 e8 b6 f8  ff ff e9 51 01 00 00 48
89 b4 24 90 00 00 00 8b  f3 41 39 1e 0f 86 36 01
00 00 48 89 bc 24 98 00  00 00 66 0f 1f 44 00 00
8b c6 4c 8d 4d c4 45 33  c0 89 5d c4 48 8d 55 d0
48 8d 0c 40 f2 41 0f 10  44 8e 04 41 8b 44 8e 0c
33 c9 f2 0f 11 45 d0 89  45 d8 ff 15 70 18 00 00
85 c0 75 0f ff 15 de 18  00 00 83 f8 7a 0f 85 c9
00 00 00 8b 45 c4 ff c0  8b c8 89 45 c4 b8 02 00
00 00 48 f7 e1 49 0f 40  c7 48 8b c8 ff 15 f6 19
00 00 48 8b f8 48 85 c0  0f 84 b2 00 00 00 4c 8d
4d c4 4c 8b c0 48 8d 55  d0 33 c9 ff 15 1f 18 00
00 85 c0 0f 84 83 00 00  00 48 8d 15 20 36 00 00
48 8b cf ff 15 c7 1a 00  00 85 c0 74 16 48 8b cf
ff 15 aa 19 00 00 ff c6  41 3b 36 0f 82 4f ff ff
ff eb 6d 48 8b 45 d0 4c  8d 45 e0 48 8b 4d c8 41
b9 10 00 00 00 48 89 5c  24 28 33 d2 48 89 45 e4
c7 45 e0 01 00 00 00 c7  45 ec 02 00 00 00 48 89
5c 24 20 ff 15 9f 17 00  00 85 c0 74 10 48 8b cf
bb 01 00 00 00 ff 15 55  19 00 00 eb 23 ff 15 15
18 00 00 48 8d 0d 56 39  00 00 eb 0d ff 15 06 18
00 00 48 8d 0d e7 38 00  00 8b d0 e8 70 f7 ff ff
48 8b bc 24 98 00 00 00  48 8b b4 24 90 00 00 00
48 8b 4d c8 4c 8b bc 24  a0 00 00 00 48 85 c9 74
06 ff 15 c1 17 00 00 4d  85 f6 74 09 49 8b ce ff
15 fb 18 00 00 8b c3 48  8b 4d f0 48 33 cc e8 0d
07 00 00 48 83 c4 70 41  5e 5b 5d c3 cc cc cc cc
4c 8b dc 49 89 5b 10 49  89 73 18 57 41 56 41 57
48 81 ec b0 00 00 00 48  8b 05 fa 56 00 00 48 33
c4 48 89 84 24 a0 00 00  00 4c 8b f1 45 33 ff 4d
89 7b b8 0f 57 c0 41 0f  11 43 c8 41 c7 43 c0 10
00 00 00 41 8b ff 41 8b  df 41 8d 4f 20 ff 15 95
18 00 00 48 8b f0 48 89  44 24 50 48 85 c0 0f 84
5c 01 00 00 48 8d 94 24  88 00 00 00 48 8b c8 ff
15 13 17 00 00 85 c0 0f  84 1e 01 00 00 b9 08 02
00 00 ff 15 60 18 00 00  48 8b f8 48 89 44 24 58
48 85 c0 0f 84 02 01 00  00 b9 08 02 00 00 ff 15
44 18 00 00 48 8b d8 48  89 44 24 60 48 85 c0 0f
84 e6 00 00 00 4c 8b ce  4c 8d 05 29 3b 00 00 ba
04 01 00 00 48 8b cf e8  b4 f6 ff ff 4c 89 74 24
20 4c 8b ce 4c 8d 05 1d  3b 00 00 ba 04 01 00 00
48 8b cb e8 98 f6 ff ff  90 44 89 7c 24 38 48 8d
84 24 90 00 00 00 48 89  44 24 30 4c 89 7c 24 28
48 8d 84 24 80 00 00 00  48 89 44 24 20 4c 8b cf
45 33 c0 41 8d 57 01 48  8d 0d e2 1c 00 00 ff 15
44 17 00 00 48 89 44 24  68 85 c0 75 5d 4c 89 7c
24 40 44 89 7c 24 38 48  89 5c 24 30 44 89 7c 24
28 c7 44 24 20 00 01 00  00 4c 8b 8c 24 80 00 00
00 45 33 c0 8d 50 41 48  8d 0d a2 1c 00 00 ff 15
04 17 00 00 48 89 44 24  70 4c 8d 8c 24 80 00 00
00 45 33 c0 41 8d 57 1d  48 8d 0d 81 1c 00 00 ff
15 e3 16 00 00 48 89 44  24 78 eb 0f 48 8b 74 24
50 48 8b 7c 24 58 48 8b  5c 24 60 48 8b ce ff 15
3c 17 00 00 48 85 ff 74  09 48 8b cf ff 15 2e 17
00 00 48 85 db 74 09 48  8b cb ff 15 20 17 00 00
48 83 bc 24 80 00 00 00  00 74 1c 4c 8d 8c 24 80
00 00 00 45 33 c0 41 8d  50 1d 48 8d 0d 1f 1c 00
00 ff 15 81 16 00 00 33  c0 48 8b 8c 24 a0 00 00
00 48 33 cc e8 07 05 00  00 4c 8d 9c 24 b0 00 00
00 49 8b 5b 28 49 8b 73  30 49 8b e3 41 5f 41 5e
5f c3 cc cc cc cc cc cc  cc cc cc cc cc cc cc cc
48 89 7c 24 20 55 48 8d  6c 24 f0 48 81 ec 10 01
00 00 48 8b 05 df 54 00  00 48 33 c4 48 89 45 00
0f 57 c9 48 89 9c 24 28  01 00 00 33 c0 48 c7 44
24 70 ff ff ff ff 33 ff  48 89 45 88 0f 57 c0 48
89 7c 24 68 8b df 48 89  45 f0 0f 11 44 24 78 48
c7 44 24 60 ff ff ff ff  0f 11 4d 90 0f 11 4d a0
0f 11 4d b0 0f 11 4d c0  0f 11 4d d0 0f 11 4d e0
ff 15 b2 14 00 00 85 c0  75 19 ff 15 08 15 00 00
8b d0 48 8d 0d 77 39 00  00 e8 72 f4 ff ff e9 ab
02 00 00 ff 15 e7 14 00  00 4c 8d 4c 24 70 45 33
c0 48 8b c8 ba ff 01 0f  00 ff 15 41 14 00 00 85
c0 75 19 ff 15 cf 14 00  00 8b d0 48 8d 0d 96 39
00 00 e8 39 f4 ff ff e9  72 02 00 00 48 8b 4c 24
70 48 8d 44 24 60 48 89  44 24 28 41 b9 02 00 00
00 45 33 c0 c7 44 24 20  01 00 00 00 ba ff 01 0f
00 ff 15 51 14 00 00 85  c0 75 19 ff 15 87 14 00
00 8b d0 48 8d 0d 96 39  00 00 e8 f1 f3 ff ff e9
2a 02 00 00 39 1d 02 5a  00 00 74 39 48 8b 4c 24
60 4c 8d 05 f4 59 00 00  41 b9 04 00 00 00 41 8d
51 08 ff 15 d0 13 00 00  85 c0 75 19 ff 15 46 14
00 00 8b d0 48 8d 0d a5  39 00 00 e8 b0 f3 ff ff
e9 e9 01 00 00 39 1d bd  59 00 00 b8 00 04 00 00
48 89 b4 24 30 01 00 00  b9 08 02 00 00 be 10 04
00 00 0f 45 f0 ff 15 4d  15 00 00 48 8b d8 48 85
c0 0f 84 af 01 00 00 ba  04 01 00 00 48 8b c8 ff
15 03 14 00 00 85 c0 75  19 ff 15 e9 13 00 00 8b
d0 48 8d 0d a8 39 00 00  e8 53 f3 ff ff e9 84 01
00 00 48 8b 54 24 60 48  8d 4c 24 68 45 33 c0 ff
15 b3 14 00 00 85 c0 75  19 ff 15 b9 13 00 00 8b
d0 48 8d 0d c8 39 00 00  e8 23 f3 ff ff e9 54 01
00 00 4c 8b 05 37 59 00  00 48 8d 05 08 3a 00 00
48 8b 4c 24 60 45 33 c9  48 89 45 a0 33 d2 48 8d
44 24 78 c7 45 90 68 00  00 00 48 89 44 24 50 48
8d 45 90 48 89 44 24 48  48 8b 44 24 68 48 89 5c
24 40 48 89 44 24 38 8b  05 eb 58 00 00 89 74 24
30 89 44 24 28 48 89 7c  24 20 ff 15 f8 12 00 00
85 c0 0f 85 b1 00 00 00  ff 15 3a 13 00 00 3d 22
05 00 00 0f 85 8a 00 00  00 48 8d 0d c0 39 00 00
e8 9b f2 ff ff ff 15 95  12 00 00 39 3d a7 58 00
00 75 62 4c 8b 0d a6 58  00 00 48 8d 44 24 78 48
8b 4c 24 60 45 33 c0 48  89 44 24 40 48 8d 45 90
48 89 44 24 38 48 8b 44  24 68 48 89 5c 24 30 41
8d 50 01 48 89 44 24 28  89 74 24 20 ff 15 66 12
00 00 85 c0 75 16 ff 15  cc 12 00 00 8b d0 48 8d
0d 3b 3a 00 00 e8 36 f2  ff ff eb 6a 48 8d 0d 8d
3a 00 00 eb 2b 48 8d 0d  d4 3a 00 00 e8 1f f2 ff
ff eb 53 ff 15 9f 12 00  00 8b d0 48 8d 0d 3e 3b
00 00 e8 09 f2 ff ff eb  3d 48 8d 0d 88 3b 00 00
e8 fb f1 ff ff 39 3d 0d  58 00 00 74 24 b9 01 00
00 00 ff 15 98 14 00 00  48 8b c8 ff 15 9f 14 00
00 48 8b 4c 24 78 ba ff  ff ff ff ff 15 6f 12 00
00 bf 01 00 00 00 48 8b  b4 24 30 01 00 00 48 8b
4c 24 70 48 85 c9 74 06  ff 15 2a 12 00 00 48 8b
4c 24 60 48 85 c9 74 06  ff 15 1a 12 00 00 48 85
db 74 09 48 8b cb ff 15  54 13 00 00 48 8b 4c 24
68 48 8b 9c 24 28 01 00  00 48 85 c9 74 06 ff 15
ec 12 00 00 48 8b 4c 24  78 48 85 c9 74 06 ff 15
e4 11 00 00 48 8b 4d 80  48 85 c9 74 06 ff 15 d5
11 00 00 8b c7 48 8b 4d  00 48 33 cc e8 2f 01 00
00 48 8b bc 24 38 01 00  00 48 81 c4 10 01 00 00
5d c3 cc cc cc cc cc cc  cc cc cc cc cc cc cc cc
48 83 ec 58 48 8b 05 1d  51 00 00 48 33 c4 48 89
44 24 40 48 8d 44 24 30  4c 8b c1 48 89 44 24 28
4c 8d 0d d1 3a 00 00 48  8d 15 ea 3a 00 00 48 c7
44 24 20 00 00 00 00 48  8d 0d f2 3a 00 00 ff 15
2c 12 00 00 85 c0 75 42  48 8b 4c 24 30 48 8d 54
24 38 48 89 5c 24 50 ff  15 2b 12 00 00 48 8d 4c
24 30 8b d8 ff 15 26 12  00 00 85 db 48 8b 5c 24
50 75 17 48 8b 44 24 38  48 8b 4c 24 40 48 33 cc
e8 8b 00 00 00 48 83 c4  58 c3 33 c0 48 8b 4c 24
40 48 33 cc e8 77 00 00  00 48 83 c4 58 c3 cc cc
48 83 ec 38 48 8b 05 7d  50 00 00 48 33 c4 48 89
44 24 28 48 8d 4c 24 20  48 89 54 24 20 ff 15 a5
11 00 00 48 8b 4c 24 28  48 33 cc e8 40 00 00 00
48 83 c4 38 c3 cc cc cc  cc cc cc cc cc cc cc cc
48 ff 25 11 12 00 00 cc  cc cc cc cc cc cc cc cc
48 ff 25 f9 11 00 00 cc  cc cc cc cc cc cc cc cc
cc cc cc cc cc cc 66 66  0f 1f 84 00 00 00 00 00
48 3b 0d 11 50 00 00 f2  75 12 48 c1 c1 10 66 f7
c1 ff ff f2 75 02 f2 c3  48 c1 c9 10 e9 ab 02 00
00 cc cc cc 40 53 48 83  ec 20 b9 01 00 00 00 e8
aa 0b 00 00 e8 e3 06 00  00 8b c8 e8 d4 0b 00 00
e8 cb 06 00 00 8b d8 e8  f8 0b 00 00 b9 01 00 00
00 89 18 e8 44 04 00 00  84 c0 74 73 e8 37 09 00
00 48 8d 0d 6c 09 00 00  e8 df 05 00 00 e8 a2 06
00 00 8b c8 e8 71 0b 00  00 85 c0 75 52 e8 a2 06
00 00 e8 d9 06 00 00 85  c0 74 0c 48 8d 0d 7e 06
00 00 e8 4d 0b 00 00 e8  9c 06 00 00 e8 97 06 00
00 e8 6a 06 00 00 8b c8  e8 8b 0b 00 00 e8 82 06
00 00 84 c0 74 05 e8 35  0b 00 00 e8 50 06 00 00
e8 0b 08 00 00 85 c0 75  06 48 83 c4 20 5b c3 b9
07 00 00 00 e8 ab 06 00  00 cc cc cc 48 83 ec 28
e8 5f 06 00 00 33 c0 48  83 c4 28 c3 48 83 ec 28
e8 37 08 00 00 e8 16 06  00 00 8b c8 48 83 c4 28
e9 39 0b 00 00 cc cc cc  48 89 5c 24 08 48 89 74
24 10 57 48 83 ec 30 b9  01 00 00 00 e8 2f 03 00
00 84 c0 0f 84 36 01 00  00 40 32 f6 40 88 74 24
20 e8 de 02 00 00 8a d8  8b 0d 82 54 00 00 83 f9
01 0f 84 23 01 00 00 85  c9 75 4a c7 05 6b 54 00
00 01 00 00 00 48 8d 15  fc 11 00 00 48 8d 0d dd
11 00 00 e8 9a 0a 00 00  85 c0 74 0a b8 ff 00 00
00 e9 d9 00 00 00 48 8d  15 bb 11 00 00 48 8d 0d
a4 11 00 00 e8 73 0a 00  00 c7 05 2d 54 00 00 02
00 00 00 eb 08 40 b6 01  40 88 74 24 20 8a cb e8
1c 04 00 00 e8 c3 05 00  00 48 8b d8 48 83 38 00
74 1e 48 8b c8 e8 6e 03  00 00 84 c0 74 12 45 33
c0 41 8d 50 02 33 c9 48  8b 03 ff 15 40 11 00 00
e8 9f 05 00 00 48 8b d8  48 83 38 00 74 14 48 8b
c8 e8 42 03 00 00 84 c0  74 08 48 8b 0b e8 40 0a
00 00 e8 ff 09 00 00 48  8b f8 e8 21 0a 00 00 48
8b 18 e8 13 0a 00 00 4c  8b c7 48 8b d3 8b 08 e8
2c ef ff ff 8b d8 e8 bd  06 00 00 84 c0 74 55 40
84 f6 75 05 e8 fd 09 00  00 33 d2 b1 01 e8 b2 03
00 00 8b c3 eb 19 8b d8  e8 9b 06 00 00 84 c0 74
3b 80 7c 24 20 00 75 05  e8 df 09 00 00 8b c3 48
8b 5c 24 40 48 8b 74 24  48 48 83 c4 30 5f c3 b9
07 00 00 00 e8 1b 05 00  00 90 b9 07 00 00 00 e8
10 05 00 00 8b cb e8 8d  09 00 00 90 8b cb e8 8b
09 00 00 90 48 83 ec 28  e8 d7 03 00 00 48 83 c4
28 e9 72 fe ff ff cc cc  40 53 48 83 ec 20 48 8b
d9 33 c9 ff 15 6f 0e 00  00 48 8b cb ff 15 6e 0e
00 00 ff 15 18 0e 00 00  48 8b c8 ba 09 04 00 c0
48 83 c4 20 5b 48 ff 25  44 0e 00 00 48 89 4c 24
08 48 83 ec 38 b9 17 00  00 00 e8 83 09 00 00 85
c0 74 07 b9 02 00 00 00  cd 29 48 8d 0d ff 4d 00
00 e8 aa 00 00 00 48 8b  44 24 38 48 89 05 e6 4e
00 00 48 8d 44 24 38 48  83 c0 08 48 89 05 76 4e
00 00 48 8b 05 cf 4e 00  00 48 89 05 40 4d 00 00
48 8b 44 24 40 48 89 05  44 4e 00 00 c7 05 1a 4d
00 00 09 04 00 c0 c7 05  14 4d 00 00 01 00 00 00
c7 05 1e 4d 00 00 01 00  00 00 b8 08 00 00 00 48
6b c0 00 48 8d 0d 16 4d  00 00 48 c7 04 01 02 00
00 00 b8 08 00 00 00 48  6b c0 00 48 8b 0d a6 4c
00 00 48 89 4c 04 20 b8  08 00 00 00 48 6b c0 01
48 8b 0d 89 4c 00 00 48  89 4c 04 20 48 8d 0d ed
0f 00 00 e8 00 ff ff ff  48 83 c4 38 c3 cc cc cc
40 53 56 57 48 83 ec 40  48 8b d9 ff 15 87 0d 00
00 48 8b b3 f8 00 00 00  33 ff 45 33 c0 48 8d 54
24 60 48 8b ce ff 15 65  0d 00 00 48 85 c0 74 39
48 83 64 24 38 00 48 8d  4c 24 68 48 8b 54 24 60
4c 8b c8 48 89 4c 24 30  4c 8b c6 48 8d 4c 24 70
48 89 4c 24 28 33 c9 48  89 5c 24 20 ff 15 26 0d
00 00 ff c7 83 ff 02 7c  b1 48 83 c4 40 5f 5e 5b
c3 cc cc cc 48 83 ec 28  e8 97 07 00 00 85 c0 74
21 65 48 8b 04 25 30 00  00 00 48 8b 48 08 eb 05
48 3b c8 74 14 33 c0 f0  48 0f b1 0d 88 51 00 00
75 ee 32 c0 48 83 c4 28  c3 b0 01 eb f7 cc cc cc
40 53 48 83 ec 20 0f b6  05 73 51 00 00 85 c9 bb
01 00 00 00 0f 44 c3 88  05 63 51 00 00 e8 9e 05
00 00 e8 bd 02 00 00 84  c0 75 04 32 c0 eb 14 e8
b0 02 00 00 84 c0 75 09  33 c9 e8 a5 02 00 00 eb
ea 8a c3 48 83 c4 20 5b  c3 cc cc cc 40 53 48 83
ec 20 80 3d 28 51 00 00  00 8b d9 75 67 83 f9 01
77 6a e8 fd 06 00 00 85  c0 74 28 85 db 75 24 48
8d 0d 12 51 00 00 e8 7f  07 00 00 85 c0 75 10 48
8d 0d 1a 51 00 00 e8 6f  07 00 00 85 c0 74 2e 32
c0 eb 33 66 0f 6f 05 a5  0e 00 00 48 83 c8 ff f3
0f 7f 05 e1 50 00 00 48  89 05 ea 50 00 00 f3 0f
7f 05 ea 50 00 00 48 89  05 f3 50 00 00 c6 05 bd
50 00 00 01 b0 01 48 83  c4 20 5b c3 b9 05 00 00
00 e8 5e 02 00 00 cc cc  48 83 ec 18 4c 8b c1 b8
4d 5a 00 00 66 39 05 d5  da ff ff 75 76 48 63 0d
08 db ff ff 48 8d 15 c5  da ff ff 48 03 ca 81 39
50 45 00 00 75 5d b8 0b  02 00 00 66 39 41 18 75
52 4c 2b c2 0f b7 41 14  48 8d 51 18 48 03 d0 0f
b7 41 06 48 8d 0c 80 4c  8d 0c ca 48 89 14 24 49
3b d1 74 2b 8b 4a 0c 4c  3b c1 72 1d 8b 42 08 03
c1 4c 3b c0 73 13 48 85  d2 74 14 83 7a 24 00 7d
04 32 c0 eb 14 b0 01 eb  10 48 83 c2 28 eb cc 32
c0 eb 06 32 c0 eb 02 32  c0 48 83 c4 18 c3 cc cc
40 53 48 83 ec 20 8a d9  e8 e7 05 00 00 33 d2 85
c0 74 0b 84 db 75 07 48  87 15 ea 4f 00 00 48 83
c4 20 5b c3 40 53 48 83  ec 20 80 3d df 4f 00 00
00 8a d9 74 04 84 d2 75  0c e8 36 01 00 00 8a cb
e8 2f 01 00 00 b0 01 48  83 c4 20 5b c3 cc cc cc
40 53 48 83 ec 20 48 83  3d ba 4f 00 00 ff 48 8b
d9 75 07 e8 2e 06 00 00  eb 0f 48 8b d3 48 8d 0d
a4 4f 00 00 e8 17 06 00  00 33 d2 85 c0 48 0f 44
d3 48 8b c2 48 83 c4 20  5b c3 cc cc 48 83 ec 28
e8 bb ff ff ff 48 f7 d8  1b c0 f7 d8 ff c8 48 83
c4 28 c3 cc 48 89 5c 24  20 55 48 8b ec 48 83 ec
20 48 8b 05 a0 49 00 00  48 bb 32 a2 df 2d 99 2b
00 00 48 3b c3 75 74 48  83 65 18 00 48 8d 4d 18
ff 15 52 0a 00 00 48 8b  45 18 48 89 45 10 ff 15
4c 0a 00 00 8b c0 48 31  45 10 ff 15 48 0a 00 00
8b c0 48 8d 4d 20 48 31  45 10 ff 15 40 0a 00 00
8b 45 20 48 8d 4d 10 48  c1 e0 20 48 33 45 20 48
33 45 10 48 33 c1 48 b9  ff ff ff ff ff ff 00 00
48 23 c1 48 b9 33 a2 df  2d 99 2b 00 00 48 3b c3
48 0f 44 c1 48 89 05 1d  49 00 00 48 8b 5c 24 48
48 f7 d0 48 89 05 06 49  00 00 48 83 c4 20 5d c3
33 c0 c3 cc b8 01 00 00  00 c3 cc cc b8 00 40 00
00 c3 cc cc 48 8d 0d e5  4e 00 00 48 ff 25 ae 09
00 00 cc cc b0 01 c3 cc  c2 00 00 cc 48 8d 05 dd
4e 00 00 c3 48 83 ec 28  e8 c3 e8 ff ff 48 83 08
24 e8 e6 ff ff ff 48 83  08 02 48 83 c4 28 c3 cc
33 c0 39 05 bc 48 00 00  0f 94 c0 c3 48 8d 05 e5
4e 00 00 c3 48 8d 05 d5  4e 00 00 c3 83 25 a5 4e
00 00 00 c3 48 89 5c 24  08 55 48 8d ac 24 40 fb
ff ff 48 81 ec c0 05 00  00 8b d9 b9 17 00 00 00
e8 bd 04 00 00 85 c0 74  04 8b cb cd 29 b9 03 00
00 00 e8 c5 ff ff ff 33  d2 48 8d 4d f0 41 b8 d0
04 00 00 e8 0a 04 00 00  48 8d 4d f0 ff 15 66 09
00 00 48 8b 9d e8 00 00  00 48 8d 95 d8 04 00 00
48 8b cb 45 33 c0 ff 15  44 09 00 00 48 85 c0 74
3c 48 83 64 24 38 00 48  8d 8d e0 04 00 00 48 8b
95 d8 04 00 00 4c 8b c8  48 89 4c 24 30 4c 8b c3
48 8d 8d e8 04 00 00 48  89 4c 24 28 48 8d 4d f0
48 89 4c 24 20 33 c9 ff  15 fb 08 00 00 48 8b 85
c8 04 00 00 48 8d 4c 24  50 48 89 85 e8 00 00 00
33 d2 48 8d 85 c8 04 00  00 41 b8 98 00 00 00 48
83 c0 08 48 89 85 88 00  00 00 e8 73 03 00 00 48
8b 85 c8 04 00 00 48 89  44 24 60 c7 44 24 50 15
00 00 40 c7 44 24 54 01  00 00 00 ff 15 57 08 00
00 83 f8 01 48 8d 44 24  50 48 89 44 24 40 48 8d
45 f0 0f 94 c3 48 89 44  24 48 33 c9 ff 15 76 08
00 00 48 8d 4c 24 40 ff  15 73 08 00 00 85 c0 75
0c 84 db 75 08 8d 48 03  e8 bf fe ff ff 48 8b 9c
24 d0 05 00 00 48 81 c4  c0 05 00 00 5d c3 cc cc
e9 3b fe ff ff cc cc cc  48 83 ec 28 33 c9 ff 15
5c 08 00 00 48 85 c0 74  3a b9 4d 5a 00 00 66 39
08 75 30 48 63 48 3c 48  03 c8 81 39 50 45 00 00
75 21 b8 0b 02 00 00 66  39 41 18 75 16 83 b9 84
00 00 00 0e 76 0d 83 b9  f8 00 00 00 00 74 04 b0
01 eb 02 32 c0 48 83 c4  28 c3 cc cc 48 8d 0d 09
00 00 00 48 ff 25 de 07  00 00 cc cc 48 89 5c 24
08 57 48 83 ec 20 48 8b  19 48 8b f9 81 3b 63 73
6d e0 75 1c 83 7b 18 04  75 16 8b 53 20 8d 82 e0
fa 6c e6 83 f8 02 76 15  81 fa 00 40 99 01 74 0d
48 8b 5c 24 30 33 c0 48  83 c4 20 5f c3 e8 44 02
00 00 48 89 18 48 8b 5f  08 e8 3e 02 00 00 48 89
18 e8 c6 02 00 00 cc cc  48 89 5c 24 08 57 48 83
ec 20 48 8d 1d af 34 00  00 48 8d 3d a8 34 00 00
eb 12 48 8b 03 48 85 c0  74 06 ff 15 50 09 00 00
48 83 c3 08 48 3b df 72  e9 48 8b 5c 24 30 48 83
c4 20 5f c3 48 89 5c 24  08 57 48 83 ec 20 48 8d
1d 83 34 00 00 48 8d 3d  7c 34 00 00 eb 12 48 8b
03 48 85 c0 74 06 ff 15  14 09 00 00 48 83 c3 08
48 3b df 72 e9 48 8b 5c  24 30 48 83 c4 20 5f c3
48 89 5c 24 10 48 89 74  24 18 57 48 83 ec 10 33
c0 33 c9 0f a2 44 8b c1  45 33 db 44 8b cb 41 81
f0 6e 74 65 6c 41 81 f1  47 65 6e 75 44 8b d2 8b
f0 33 c9 41 8d 43 01 45  0b c8 0f a2 41 81 f2 69
6e 65 49 89 04 24 45 0b  ca 89 5c 24 04 8b f9 89
4c 24 08 89 54 24 0c 75  50 48 83 0d bf 45 00 00
ff 25 f0 3f ff 0f 3d c0  06 01 00 74 28 3d 60 06
02 00 74 21 3d 70 06 02  00 74 1a 05 b0 f9 fc ff
83 f8 20 77 24 48 b9 01  00 01 00 01 00 00 00 48
0f a3 c1 73 14 44 8b 05  80 4b 00 00 41 83 c8 01
44 89 05 75 4b 00 00 eb  07 44 8b 05 6c 4b 00 00
b8 07 00 00 00 44 8d 48  fb 3b f0 7c 26 33 c9 0f
a2 89 04 24 44 8b db 89  5c 24 04 89 4c 24 08 89
54 24 0c 0f ba e3 09 73  0a 45 0b c1 44 89 05 39
4b 00 00 c7 05 2b 45 00  00 01 00 00 00 44 89 0d
28 45 00 00 0f ba e7 14  0f 83 91 00 00 00 44 89
0d 13 45 00 00 bb 06 00  00 00 89 1d 0c 45 00 00
0f ba e7 1b 73 79 0f ba  e7 1c 73 73 33 c9 0f 01
d0 48 c1 e2 20 48 0b d0  48 89 54 24 20 48 8b 44
24 20 22 c3 3a c3 75 57  8b 05 de 44 00 00 83 c8
08 c7 05 cd 44 00 00 03  00 00 00 89 05 cb 44 00
00 41 f6 c3 20 74 38 83  c8 20 c7 05 b4 44 00 00
05 00 00 00 89 05 b2 44  00 00 b8 00 00 03 d0 44
23 d8 44 3b d8 75 18 48  8b 44 24 20 24 e0 3c e0
75 0d 83 0d 93 44 00 00  40 89 1d 89 44 00 00 48
8b 5c 24 28 33 c0 48 8b  74 24 30 48 83 c4 10 5f
c3 cc cc cc 33 c0 39 05  84 44 00 00 0f 95 c0 c3
ff 25 e2 05 00 00 ff 25  f4 05 00 00 ff 25 e6 05
00 00 ff 25 d8 05 00 00  ff 25 4a 06 00 00 ff 25
4c 06 00 00 ff 25 26 06  00 00 ff 25 70 06 00 00
ff 25 82 06 00 00 ff 25  ac 06 00 00 ff 25 9e 06
00 00 ff 25 90 06 00 00  ff 25 82 06 00 00 ff 25
54 06 00 00 ff 25 a6 06  00 00 ff 25 00 06 00 00
ff 25 4a 06 00 00 ff 25  14 06 00 00 ff 25 06 06
00 00 ff 25 48 06 00 00  ff 25 c2 05 00 00 ff 25
ac 05 00 00 ff 25 7e 06  00 00 ff 25 08 06 00 00
ff 25 32 06 00 00 ff 25  ec 05 00 00 ff 25 ee 05
00 00 ff 25 a0 04 00 00  48 83 ec 28 4d 8b 41 38
48 8b ca 49 8b d1 e8 0d  00 00 00 b8 01 00 00 00
48 83 c4 28 c3 cc cc cc  40 53 45 8b 18 48 8b da
41 83 e3 f8 4c 8b c9 41  f6 00 04 4c 8b d1 74 13
41 8b 40 08 4d 63 50 04  f7 d8 4c 03 d1 48 63 c8
4c 23 d1 49 63 c3 4a 8b  14 10 48 8b 43 10 8b 48
08 48 8b 43 08 f6 44 01  03 0f 74 0b 0f b6 44 01
03 83 e0 f0 4c 03 c8 4c  33 ca 49 8b c9 5b e9 1d
f3 ff ff cc 48 8b c4 48  89 58 08 48 89 68 10 48
89 70 18 48 89 78 20 41  56 48 83 ec 20 4d 8b 51
38 48 8b f2 4d 8b f0 48  8b e9 49 8b d1 48 8b ce
49 8b f9 41 8b 1a 48 c1  e3 04 49 03 da 4c 8d 43
04 e8 62 ff ff ff 8b 45  04 24 66 f6 d8 b8 01 00
00 00 1b d2 f7 da 03 d0  85 53 04 74 11 4c 8b cf
4d 8b c6 48 8b d6 48 8b  cd e8 72 fe ff ff 48 8b
5c 24 30 48 8b 6c 24 38  48 8b 74 24 40 48 8b 7c
24 48 48 83 c4 20 41 5e  c3 cc cc cc cc cc cc cc
cc cc cc cc cc cc 66 66  0f 1f 84 00 00 00 00 00
ff e0 40 55 48 83 ec 20  48 8b ea 48 8b 01 48 8b
d1 8b 08 e8 40 fe ff ff  90 48 83 c4 20 5d c3 cc
40 55 48 8b ea 48 8b 01  33 c9 81 38 05 00 00 c0
0f 94 c1 8b c1 5d c3 cc  00 00 00 00 00 00 00 00
00 00 00 00 00 00 00 00  00 00 00 00 00 00 00 00
00 00 00 00 00 00 00 00  00 00 00 00 00 00 00 00
00 00 00 00 00 00 00 00  00 00 00 00 00 00 00 00
00 00 00 00 00 00 00 00  00 00 00 00 00 00 00 00
00 00 00 00 00 00 00 00  00 00 00 00 00 00 00 00
32 66 00 00 00 00 00 00  52 67 00 00 00 00 00 00
42 67 00 00 00 00 00 00  2c 67 00 00 00 00 00 00
14 67 00 00 00 00 00 00  fa 66 00 00 00 00 00 00
e6 66 00 00 00 00 00 00  c8 66 00 00 00 00 00 00
a8 66 00 00 00 00 00 00  90 66 00 00 00 00 00 00
58 66 00 00 00 00 00 00  44 66 00 00 00 00 00 00
1c 66 00 00 00 00 00 00  00 00 00 00 00 00 00 00
fa 65 00 00 00 00 00 00  e6 65 00 00 00 00 00 00
d6 65 00 00 00 00 00 00  c8 65 00 00 00 00 00 00
b4 65 00 00 00 00 00 00  a4 65 00 00 00 00 00 00
94 65 00 00 00 00 00 00  7e 65 00 00 00 00 00 00
68 65 00 00 00 00 00 00  54 65 00 00 00 00 00 00
40 65 00 00 00 00 00 00  ee 6c 00 00 00 00 00 00
d8 6c 00 00 00 00 00 00  be 6c 00 00 00 00 00 00
a8 6c 00 00 00 00 00 00  92 6c 00 00 00 00 00 00
78 6c 00 00 00 00 00 00  5c 6c 00 00 00 00 00 00
48 6c 00 00 00 00 00 00  2a 6c 00 00 00 00 00 00
0e 6c 00 00 00 00 00 00  fa 6b 00 00 00 00 00 00
e0 6b 00 00 00 00 00 00  cc 6b 00 00 00 00 00 00
02 6d 00 00 00 00 00 00  00 00 00 00 00 00 00 00
fa 67 00 00 00 00 00 00  e8 67 00 00 00 00 00 00
ba 67 00 00 00 00 00 00  78 67 00 00 00 00 00 00
8a 67 00 00 00 00 00 00  9a 67 00 00 00 00 00 00
d6 67 00 00 00 00 00 00  00 00 00 00 00 00 00 00
14 68 00 00 00 00 00 00  2e 68 00 00 00 00 00 00
00 00 00 00 00 00 00 00  54 68 00 00 00 00 00 00
a0 68 00 00 00 00 00 00  82 68 00 00 00 00 00 00
6c 68 00 00 00 00 00 00  00 00 00 00 00 00 00 00
00 69 00 00 00 00 00 00  00 00 00 00 00 00 00 00
26 69 00 00 00 00 00 00  2e 69 00 00 00 00 00 00
72 6a 00 00 00 00 00 00  00 00 00 00 00 00 00 00
5c 6a 00 00 00 00 00 00  00 00 00 00 00 00 00 00
5a 69 00 00 00 00 00 00  00 00 00 00 00 00 00 00
fe 69 00 00 00 00 00 00  38 69 00 00 00 00 00 00
4a 69 00 00 00 00 00 00  24 6a 00 00 00 00 00 00
1a 6a 00 00 00 00 00 00  ca 6a 00 00 00 00 00 00
d8 6a 00 00 00 00 00 00  92 6a 00 00 00 00 00 00
6e 69 00 00 00 00 00 00  e8 69 00 00 00 00 00 00
0c 6a 00 00 00 00 00 00  86 69 00 00 00 00 00 00
2e 6a 00 00 00 00 00 00  ae 6a 00 00 00 00 00 00
e0 69 00 00 00 00 00 00  d2 69 00 00 00 00 00 00
c6 69 00 00 00 00 00 00  a6 69 00 00 00 00 00 00
00 00 00 00 00 00 00 00  e4 68 00 00 00 00 00 00
f0 69 00 00 00 00 00 00  82 6a 00 00 00 00 00 00
bc 68 00 00 00 00 00 00  0a 69 00 00 00 00 00 00
da 68 00 00 00 00 00 00  00 00 00 00 00 00 00 00
ce 68 00 00 00 00 00 00  00 00 00 00 00 00 00 00
28 27 00 40 01 00 00 00  28 27 00 40 01 00 00 00
70 2d 00 40 01 00 00 00  70 2d 00 40 01 00 00 00
70 2d 00 40 01 00 00 00  00 00 00 00 00 00 00 00
dc 20 00 40 01 00 00 00  00 00 00 00 00 00 00 00
00 00 00 00 00 00 00 00  14 20 00 40 01 00 00 00
cc 20 00 40 01 00 00 00  00 00 00 00 00 00 00 00
00 00 00 00 00 00 00 00  00 00 00 00 00 00 00 00
00 00 00 00 00 00 00 00  00 00 00 00 00 00 00 00
40 70 00 40 01 00 00 00  e0 70 00 40 01 00 00 00
ff ff ff ff ff ff ff ff  ff ff ff ff ff ff ff ff
6e 63 61 63 6e 5f 6e 70  00 00 00 00 00 00 00 00
5c 70 69 70 65 5c 73 70  6f 6f 6c 73 73 00 00 00
40 00 08 01 10 00 00 00  00 00 00 00 08 00 00 00
00 00 00 00 01 00 08 00  72 00 00 00 00 00 00 00
f9 33 00 40 01 00 00 00  f0 00 00 00 08 00 00 00
90 33 00 40 01 00 00 00  a0 33 00 40 01 00 00 00
70 41 00 00 70 e1 00 00  02 05 04 00 00 00 00 00
40 00 2c 01 30 00 00 00  08 00 00 00 44 00 00 00
00 00 00 00 06 00 08 00  71 00 00 00 00 08 00 00
40 3a 00 40 01 00 00 00  0b 00 00 00 00 00 00 00
b4 37 00 40 01 00 00 00  10 01 00 00 08 00 00 00
40 3a 00 40 01 00 00 00  0b 00 00 00 10 00 00 00
90 34 00 40 01 00 00 00  0b 01 00 00 18 00 00 00
f9 33 00 40 01 00 00 00  c8 00 00 00 20 00 00 00
f9 33 00 40 01 00 00 00  f0 00 00 00 28 00 00 00
01 00 00 00 03 06 00 00  00 00 00 00 00 00 00 00
35 07 03 00 10 00 00 00  00 00 00 00 00 00 00 00
00 00 00 00 00 00 00 00  b8 37 00 40 01 00 00 00
05 00 00 00 00 00 00 00  90 00 04 00 00 00 00 00
14 00 00 00 00 00 00 00  93 00 00 00 00 00 00 00
b0 33 00 40 01 00 00 00  00 34 00 40 01 00 00 00
b0 33 00 40 01 00 00 00  b0 33 00 40 01 00 00 00
b0 33 00 40 01 00 00 00  b0 33 00 40 01 00 00 00
b0 33 00 40 01 00 00 00  b0 33 00 40 01 00 00 00
b0 33 00 40 01 00 00 00  b0 33 00 40 01 00 00 00
b0 33 00 40 01 00 00 00  b0 33 00 40 01 00 00 00
b0 33 00 40 01 00 00 00  b0 33 00 40 01 00 00 00
b0 33 00 40 01 00 00 00  b0 33 00 40 01 00 00 00
b0 33 00 40 01 00 00 00  b0 33 00 40 01 00 00 00
b0 33 00 40 01 00 00 00  b0 33 00 40 01 00 00 00
b0 33 00 40 01 00 00 00  b0 33 00 40 01 00 00 00
b0 33 00 40 01 00 00 00  b0 33 00 40 01 00 00 00
b0 33 00 40 01 00 00 00  b0 33 00 40 01 00 00 00
b0 33 00 40 01 00 00 00  b0 33 00 40 01 00 00 00
b0 33 00 40 01 00 00 00  80 45 00 40 01 00 00 00
b0 33 00 40 01 00 00 00  b0 33 00 40 01 00 00 00
b0 33 00 40 01 00 00 00  b0 33 00 40 01 00 00 00
b0 33 00 40 01 00 00 00  b0 33 00 40 01 00 00 00
b0 33 00 40 01 00 00 00  d8 37 00 40 01 00 00 00
d8 37 00 40 01 00 00 00  b0 33 00 40 01 00 00 00
b0 33 00 40 01 00 00 00  b0 33 00 40 01 00 00 00
b0 33 00 40 01 00 00 00  d8 37 00 40 01 00 00 00
d8 37 00 40 01 00 00 00  d8 37 00 40 01 00 00 00
b0 33 00 40 01 00 00 00  b0 33 00 40 01 00 00 00
b0 33 00 40 01 00 00 00  d8 37 00 40 01 00 00 00
d8 37 00 40 01 00 00 00  b0 33 00 40 01 00 00 00
b0 33 00 40 01 00 00 00  b0 33 00 40 01 00 00 00
d8 37 00 40 01 00 00 00  d8 37 00 40 01 00 00 00
b0 33 00 40 01 00 00 00  d8 37 00 40 01 00 00 00
b0 33 00 40 01 00 00 00  b0 33 00 40 01 00 00 00
b0 33 00 40 01 00 00 00  b0 33 00 40 01 00 00 00
b0 33 00 40 01 00 00 00  d8 37 00 40 01 00 00 00
d8 37 00 40 01 00 00 00  80 3a 00 40 01 00 00 00
21 20 00 00 00 00 00 00  80 44 00 40 01 00 00 00
90 38 00 40 01 00 00 00  12 3b 00 40 01 00 00 00
20 37 00 40 01 00 00 00  70 38 00 40 01 00 00 00
02 00 00 00 00 00 00 00  a0 39 00 40 01 00 00 00
00 00 24 00 68 00 8c 00  b0 00 d4 00 f8 00 1c 01
40 01 64 01 88 01 ac 01  d0 01 f4 01 18 02 3c 02
60 02 84 02 a8 02 cc 02  f0 02 14 03 38 03 5c 03
80 03 a4 03 c8 03 ec 03  10 04 34 04 60 04 84 04
a8 04 cc 04 f0 04 14 05  38 05 5c 05 7a 05 98 05
bc 05 e0 05 04 06 28 06  46 06 64 06 82 06 a6 06
ca 06 ee 06 0c 07 2a 07  4e 07 72 07 96 07 b4 07
d2 07 f6 07 14 08 38 08  5c 08 80 08 a4 08 c8 08
e6 08 04 09 64 00 02 00  01 00 00 00 03 06 00 00
08 00 00 00 70 a0 00 00  21 20 00 00 00 00 00 00
60 45 00 40 01 00 00 00  01 00 00 00 03 06 00 00
0c 00 00 00 00 00 00 00  40 00 00 01 08 00 00 00
00 00 00 00 00 00 00 00  00 00 00 00 00 00 08 00
72 00 00 00 00 00 00 00  21 00 00 00 00 00 00 00
50 39 00 40 01 00 00 00  00 00 00 00 00 00 00 00
60 00 00 00 78 56 34 12  34 12 cd ab ef 00 01 23
45 67 89 ab 01 00 00 00  04 5d 88 8a eb 1c c9 11
9f e8 08 00 2b 10 48 60  02 00 00 00 00 00 00 00
00 00 00 00 00 00 00 00  01 00 00 00 00 00 00 00
e0 33 00 40 01 00 00 00  00 00 00 00 00 00 00 00
f0 36 00 40 01 00 00 00  00 00 00 02 00 00 00 00
04 5d 88 8a eb 1c c9 11  9f e8 08 00 2b 10 48 60
02 00 00 00 00 00 00 00  00 00 00 00 00 00 00 00
10 38 00 40 01 00 00 00  c0 1f 00 40 01 00 00 00
d0 1f 00 40 01 00 00 00  20 76 00 40 01 00 00 00
00 00 00 00 00 00 00 00  68 44 00 40 01 00 00 00
00 00 00 00 00 00 00 00  00 00 00 00 00 00 00 00
d2 44 00 40 01 00 00 00  01 00 00 00 01 00 06 00
00 00 00 00 00 00 00 00  6e 02 01 08 00 00 00 00
00 00 00 00 00 00 00 00  00 00 00 00 00 00 00 00
00 00 00 00 00 00 00 00  01 00 00 02 00 00 00 00
00 00 00 00 00 00 00 00  f0 36 00 40 01 00 00 00
00 00 00 00 00 00 00 00  41 01 00 00 02 00 00 00
c8 37 00 40 01 00 00 00  02 00 00 00 00 00 00 00
fa 33 00 40 01 00 00 00  00 00 00 00 00 00 00 00
35 07 03 00 18 00 00 00  00 00 00 00 00 00 00 00
00 00 00 00 00 00 00 00  e0 36 00 40 01 00 00 00
05 00 00 00 00 00 00 00  05 00 00 00 00 00 00 00
05 00 00 00 00 00 00 00  90 00 04 00 00 00 00 00
14 00 00 00 00 00 00 00  93 00 00 00 00 00 00 00
04 5d 88 8a eb 1c c9 11  9f e8 08 00 2b 10 48 60
02 00 00 00 00 00 00 00  00 00 00 00 00 00 00 00
12 3b 00 40 01 00 00 00  20 37 00 40 01 00 00 00
d2 44 00 40 01 00 00 00  00 00 00 00 00 00 00 00
00 00 00 00 00 00 00 00  00 00 00 00 00 00 00 00
33 05 71 71 ba be 37 49  83 19 b5 db ef 9c cc 36
01 00 00 00 00 00 00 00  00 00 00 00 00 00 00 00
00 00 00 00 00 00 00 00  d0 34 00 40 01 00 00 00
00 00 00 00 00 00 00 00  00 00 00 00 00 00 00 00
00 00 00 00 00 00 00 00  00 00 00 00 00 00 00 00
21 00 00 00 00 00 00 00  a4 37 00 40 01 00 00 00
31 07 01 00 18 00 00 00  80 00 00 00 00 00 00 00
10 00 00 00 00 00 00 00  21 20 00 00 00 00 00 00
28 39 00 40 01 00 00 00  93 00 00 00 00 00 00 00
40 00 2c 01 38 00 00 00  3c 00 00 00 08 00 00 00
00 00 00 00 07 00 08 00  70 40 00 00 00 00 00 00
f0 33 00 40 01 00 00 00  08 00 00 00 00 00 00 00
f9 33 00 40 01 00 00 00  c8 00 00 00 08 00 00 00
f9 33 00 40 01 00 00 00  c8 00 00 00 10 00 00 00
40 3a 00 40 01 00 00 00  0b 00 00 00 18 00 00 00
f9 33 00 40 01 00 00 00  c8 00 00 00 20 00 00 00
f8 37 00 40 01 00 00 00  0b 00 00 00 28 00 00 00
f9 33 00 40 01 00 00 00  f0 00 00 00 30 00 00 00
00 00 00 48 00 00 00 00  00 00 10 00 32 00 00 00
00 00 08 00 44 01 0a 01  00 00 00 00 00 00 00 00
70 00 08 00 08 00 00 48  00 00 00 00 01 00 30 00
31 08 00 00 00 5c 08 00  40 00 46 06 0a 05 00 00
01 00 00 00 00 00 0b 00  00 00 02 00 10 01 08 00
0a 00 0b 00 10 00 02 00  0b 01 18 00 1e 00 48 00
20 00 08 00 70 00 28 00  08 00 00 48 00 00 00 00
02 00 10 00 32 00 00 00  00 00 08 00 44 01 0a 01
00 00 00 00 00 00 00 00  70 00 08 00 08 00 00 48
00 00 00 00 03 00 10 00  32 00 00 00 00 00 08 00
44 01 0a 01 00 00 00 00  00 00 00 00 70 00 08 00
08 00 00 48 00 00 00 00  04 00 10 00 32 00 00 00
00 00 08 00 44 01 0a 01  00 00 00 00 00 00 00 00
70 00 08 00 08 00 00 48  00 00 00 00 05 00 10 00
32 00 00 00 00 00 08 00  44 01 0a 01 00 00 00 00
00 00 00 00 70 00 08 00  08 00 00 48 00 00 00 00
06 00 10 00 32 00 00 00  00 00 08 00 44 01 0a 01
00 00 00 00 00 00 00 00  70 00 08 00 08 00 00 48
00 00 00 00 07 00 10 00  32 00 00 00 00 00 08 00
44 01 0a 01 00 00 00 00  00 00 00 00 70 00 08 00
08 00 00 48 00 00 00 00  08 00 10 00 32 00 00 00
00 00 08 00 44 01 0a 01  00 00 00 00 00 00 00 00
70 00 08 00 08 00 00 48  00 00 00 00 09 00 10 00
32 00 00 00 00 00 08 00  44 01 0a 01 00 00 00 00
00 00 00 00 70 00 08 00  08 00 00 48 00 00 00 00
0a 00 10 00 32 00 00 00  00 00 08 00 44 01 0a 01
00 00 00 00 00 00 00 00  70 00 08 00 08 00 00 48
00 00 00 00 0b 00 10 00  32 00 00 00 00 00 08 00
44 01 0a 01 00 00 00 00  00 00 00 00 70 00 08 00
08 00 00 48 00 00 00 00  0c 00 10 00 32 00 00 00
00 00 08 00 44 01 0a 01  00 00 00 00 00 00 00 00
70 00 08 00 08 00 00 48  00 00 00 00 0d 00 10 00
32 00 00 00 00 00 08 00  44 01 0a 01 00 00 00 00
00 00 00 00 70 00 08 00  08 00 00 48 00 00 00 00
0e 00 10 00 32 00 00 00  00 00 08 00 44 01 0a 01
00 00 00 00 00 00 00 00  70 00 08 00 08 00 00 48
00 00 00 00 0f 00 10 00  32 00 00 00 00 00 08 00
44 01 0a 01 00 00 00 00  00 00 00 00 70 00 08 00
08 00 00 48 00 00 00 00  10 00 10 00 32 00 00 00
00 00 08 00 44 01 0a 01  00 00 00 00 00 00 00 00
70 00 08 00 08 00 00 48  00 00 00 00 11 00 10 00
32 00 00 00 00 00 08 00  44 01 0a 01 00 00 00 00
00 00 00 00 70 00 08 00  08 00 00 48 00 00 00 00
12 00 10 00 32 00 00 00  00 00 08 00 44 01 0a 01
00 00 00 00 00 00 00 00  70 00 08 00 08 00 00 48
00 00 00 00 13 00 10 00  32 00 00 00 00 00 08 00
44 01 0a 01 00 00 00 00  00 00 00 00 70 00 08 00
08 00 00 48 00 00 00 00  14 00 10 00 32 00 00 00
00 00 08 00 44 01 0a 01  00 00 00 00 00 00 00 00
70 00 08 00 08 00 00 48  00 00 00 00 15 00 10 00
32 00 00 00 00 00 08 00  44 01 0a 01 00 00 00 00
00 00 00 00 70 00 08 00  08 00 00 48 00 00 00 00
16 00 10 00 32 00 00 00  00 00 08 00 44 01 0a 01
00 00 00 00 00 00 00 00  70 00 08 00 08 00 00 48
00 00 00 00 17 00 10 00  32 00 00 00 00 00 08 00
44 01 0a 01 00 00 00 00  00 00 00 00 70 00 08 00
08 00 00 48 00 00 00 00  18 00 10 00 32 00 00 00
00 00 08 00 44 01 0a 01  00 00 00 00 00 00 00 00
70 00 08 00 08 00 00 48  00 00 00 00 19 00 10 00
32 00 00 00 00 00 08 00  44 01 0a 01 00 00 00 00
00 00 00 00 70 00 08 00  08 00 00 48 00 00 00 00
1a 00 10 00 32 00 00 00  00 00 08 00 44 01 0a 01
00 00 00 00 00 00 00 00  70 00 08 00 08 00 00 48
00 00 00 00 1b 00 10 00  32 00 00 00 00 00 08 00
44 01 0a 01 00 00 00 00  00 00 00 00 70 00 08 00
08 00 00 48 00 00 00 00  1c 00 10 00 32 00 00 00
00 00 08 00 44 01 0a 01  00 00 00 00 00 00 00 00
70 00 08 00 08 00 00 48  00 00 00 00 1d 00 10 00
30 e0 00 00 00 00 38 00  40 00 44 02 0a 01 00 00
00 00 00 00 00 00 18 01  00 00 32 00 70 00 08 00
08 00 00 48 00 00 00 00  1e 00 10 00 32 00 00 00
00 00 08 00 44 01 0a 01  00 00 00 00 00 00 00 00
70 00 08 00 08 00 00 48  00 00 00 00 1f 00 10 00
32 00 00 00 00 00 08 00  44 01 0a 01 00 00 00 00
00 00 00 00 70 00 08 00  08 00 00 48 00 00 00 00
20 00 10 00 32 00 00 00  00 00 08 00 44 01 0a 01
00 00 00 00 00 00 00 00  70 00 08 00 08 00 00 48
00 00 00 00 21 00 10 00  32 00 00 00 00 00 08 00
44 01 0a 01 00 00 00 00  00 00 00 00 70 00 08 00
08 00 00 48 00 00 00 00  22 00 10 00 32 00 00 00
00 00 08 00 44 01 0a 01  00 00 00 00 00 00 00 00
70 00 08 00 08 00 00 48  00 00 00 00 23 00 10 00
32 00 00 00 00 00 08 00  44 01 0a 01 00 00 00 00
00 00 00 00 70 00 08 00  08 00 00 48 00 00 00 00
24 00 10 00 32 00 00 00  00 00 08 00 44 01 0a 01
00 00 00 00 00 00 00 00  70 00 08 00 08 00 00 48
00 00 00 00 25 00 08 00  32 00 00 00 00 00 00 00
40 00 0a 01 00 00 00 00  00 00 00 00 00 48 00 00
00 00 26 00 08 00 32 00  00 00 00 00 00 00 40 00
0a 01 00 00 00 00 00 00  00 00 00 48 00 00 00 00
27 00 10 00 32 00 00 00  00 00 08 00 44 01 0a 01
00 00 00 00 00 00 00 00  70 00 08 00 08 00 00 48
00 00 00 00 28 00 10 00  32 00 00 00 00 00 08 00
44 01 0a 01 00 00 00 00  00 00 00 00 70 00 08 00
08 00 00 48 00 00 00 00  29 00 10 00 32 00 00 00
00 00 08 00 44 01 0a 01  00 00 00 00 00 00 00 00
70 00 08 00 08 00 00 48  00 00 00 00 2a 00 10 00
32 00 00 00 00 00 08 00  44 01 0a 01 00 00 00 00
00 00 00 00 70 00 08 00  08 00 00 48 00 00 00 00
2b 00 08 00 32 00 00 00  00 00 00 00 40 00 0a 01
00 00 00 00 00 00 00 00  00 48 00 00 00 00 2c 00
08 00 32 00 00 00 00 00  00 00 40 00 0a 01 00 00
00 00 00 00 00 00 00 48  00 00 00 00 2d 00 08 00
32 00 00 00 00 00 00 00  40 00 0a 01 00 00 00 00
00 00 00 00 00 48 00 00  00 00 2e 00 10 00 32 00
00 00 00 00 08 00 44 01  0a 01 00 00 00 00 00 00
00 00 70 00 08 00 08 00  00 48 00 00 00 00 2f 00
10 00 32 00 00 00 00 00  08 00 44 01 0a 01 00 00
00 00 00 00 00 00 70 00  08 00 08 00 00 48 00 00
00 00 30 00 10 00 32 00  00 00 00 00 08 00 44 01
0a 01 00 00 00 00 00 00  00 00 70 00 08 00 08 00
00 48 00 00 00 00 31 00  08 00 32 00 00 00 00 00
00 00 40 00 0a 01 00 00  00 00 00 00 00 00 00 48
00 00 00 00 32 00 08 00  32 00 00 00 00 00 00 00
40 00 0a 01 00 00 00 00  00 00 00 00 00 48 00 00
00 00 33 00 10 00 32 00  00 00 00 00 08 00 44 01
0a 01 00 00 00 00 00 00  00 00 70 00 08 00 08 00
00 48 00 00 00 00 34 00  10 00 32 00 00 00 00 00
08 00 44 01 0a 01 00 00  00 00 00 00 00 00 70 00
08 00 08 00 00 48 00 00  00 00 35 00 10 00 32 00
00 00 00 00 08 00 44 01  0a 01 00 00 00 00 00 00
00 00 70 00 08 00 08 00  00 48 00 00 00 00 36 00
08 00 32 00 00 00 00 00  00 00 40 00 0a 01 00 00
00 00 00 00 00 00 00 48  00 00 00 00 37 00 08 00
32 00 00 00 00 00 00 00  40 00 0a 01 00 00 00 00
00 00 00 00 00 48 00 00  00 00 38 00 10 00 32 00
00 00 00 00 08 00 44 01  0a 01 00 00 00 00 00 00
00 00 70 00 08 00 08 00  00 48 00 00 00 00 39 00
08 00 32 00 00 00 00 00  00 00 40 00 0a 01 00 00
00 00 00 00 00 00 00 48  00 00 00 00 3a 00 10 00
32 00 00 00 00 00 08 00  44 01 0a 01 00 00 00 00
00 00 00 00 70 00 08 00  08 00 00 48 00 00 00 00
3b 00 10 00 32 00 00 00  00 00 08 00 44 01 0a 01
00 00 00 00 00 00 00 00  70 00 08 00 08 00 00 48
00 00 00 00 3c 00 10 00  32 00 00 00 00 00 08 00
44 01 0a 01 00 00 00 00  00 00 00 00 70 00 08 00
08 00 00 48 00 00 00 00  3d 00 10 00 32 00 00 00
00 00 08 00 44 01 0a 01  00 00 00 00 00 00 00 00
70 00 08 00 08 00 00 48  00 00 00 00 3e 00 10 00
32 00 00 00 00 00 08 00  44 01 0a 01 00 00 00 00
00 00 00 00 70 00 08 00  08 00 00 48 00 00 00 00
3f 00 08 00 32 00 00 00  00 00 00 00 40 00 0a 01
00 00 00 00 00 00 00 00  00 48 00 00 00 00 40 00
08 00 32 00 00 00 00 00  00 00 40 00 0a 01 00 00
00 00 00 00 00 00 00 48  00 00 00 00 41 00 38 00
30 40 00 00 00 00 3c 00  08 00 46 07 0a 05 00 00
01 00 00 00 00 00 08 00  00 00 36 00 48 00 08 00
08 00 48 00 10 00 08 00  0b 00 18 00 02 00 48 00
20 00 08 00 0b 00 28 00  3a 00 70 00 30 00 08 00
00 00 00 00 00 00 00 00  e0 1e 00 40 01 00 00 00
80 1f 00 40 01 00 00 00  00 00 00 00 00 00 00 00
41 07 01 00 18 00 00 00  a8 37 00 40 01 00 00 00
82 01 00 00 18 00 00 00  00 00 00 00 01 00 00 00
10 00 00 00 00 00 00 00  21 20 00 00 00 00 00 00
28 39 00 40 01 00 00 00  93 00 00 00 00 00 00 00
18 00 00 00 00 00 00 00  50 3a 00 40 01 00 00 00
00 00 00 00 12 08 25 5c  11 04 02 00 30 a0 00 00
11 00 0e 00 1b 00 01 00  19 00 00 00 01 00 01 5b
1a 03 10 00 00 00 06 00  08 40 36 5b 12 20 e6 ff
11 04 02 00 30 e1 00 00  30 41 00 00 12 00 38 00
1b 01 02 00 19 00 0c 00  01 00 06 5b 1a 03 18 00
00 00 0a 00 06 06 08 08  08 36 5c 5b 12 20 e2 ff
21 03 00 00 19 00 08 00  01 00 ff ff ff ff 00 00
4c 00 da ff 5c 5b 1a 03  18 00 00 00 08 00 08 08
08 40 36 5b 12 20 da ff  00 00 00 00 00 00 00 00
41 00 00 00 01 00 00 00  80 34 00 40 01 00 00 00
01 00 00 00 00 00 00 00  f8 33 00 40 01 00 00 00
40 00 08 01 10 00 00 00  3c 00 00 00 44 00 00 00
00 00 00 00 02 00 08 00  70 e0 00 00 00 00 00 00
f4 33 00 40 01 00 00 00  18 01 00 00 00 00 00 00
f9 33 00 40 01 00 00 00  f0 00 00 00 08 00 00 00
5b 00 2d 00 5d 00 20 00  49 00 6e 00 76 00 61 00
6c 00 69 00 64 00 20 00  73 00 65 00 73 00 73 00
69 00 6f 00 6e 00 20 00  69 00 64 00 3a 00 20 00
25 00 77 00 73 00 0a 00  00 00 00 00 00 00 00 00
5b 00 2d 00 5d 00 20 00  4d 00 69 00 73 00 73 00
69 00 6e 00 67 00 20 00  76 00 61 00 6c 00 75 00
65 00 20 00 66 00 6f 00  72 00 20 00 6f 00 70 00
74 00 69 00 6f 00 6e 00  3a 00 20 00 2d 00 64 00
0a 00 00 00 00 00 00 00  00 00 00 00 00 00 00 00
5b 00 2d 00 5d 00 20 00  4d 00 69 00 73 00 73 00
69 00 6e 00 67 00 20 00  76 00 61 00 6c 00 75 00
65 00 20 00 66 00 6f 00  72 00 20 00 6f 00 70 00
74 00 69 00 6f 00 6e 00  3a 00 20 00 2d 00 63 00
0a 00 00 00 00 00 00 00  5b 00 2d 00 5d 00 20 00
49 00 6e 00 76 00 61 00  6c 00 69 00 64 00 20 00
61 00 72 00 67 00 75 00  6d 00 65 00 6e 00 74 00
3a 00 20 00 25 00 6c 00  73 00 0a 00 00 00 00 00
5b 00 2d 00 5d 00 20 00  4d 00 6f 00 72 00 65 00
20 00 74 00 68 00 61 00  6e 00 20 00 6f 00 6e 00
65 00 20 00 69 00 6e 00  74 00 65 00 72 00 61 00
63 00 74 00 69 00 6f 00  6e 00 20 00 6d 00 6f 00
64 00 65 00 20 00 77 00  61 00 73 00 20 00 73 00
70 00 65 00 63 00 69 00  66 00 69 00 65 00 64 00
2e 00 0a 00 00 00 00 00  00 00 00 00 00 00 00 00
5b 00 2d 00 5d 00 20 00  50 00 6c 00 65 00 61 00
73 00 65 00 20 00 73 00  70 00 65 00 63 00 69 00
66 00 79 00 20 00 61 00  20 00 63 00 6f 00 6d 00
6d 00 61 00 6e 00 64 00  20 00 74 00 6f 00 20 00
65 00 78 00 65 00 63 00  75 00 74 00 65 00 0a 00
00 00 00 00 00 00 00 00  30 00 2e 00 31 00 00 00
0a 00 50 00 72 00 69 00  6e 00 74 00 53 00 70 00
6f 00 6f 00 66 00 65 00  72 00 20 00 76 00 25 00
77 00 73 00 20 00 28 00  62 00 79 00 20 00 40 00
69 00 74 00 6d 00 34 00  6e 00 29 00 0a 00 0a 00
20 00 20 00 50 00 72 00  6f 00 76 00 69 00 64 00
65 00 64 00 20 00 74 00  68 00 61 00 74 00 20 00
74 00 68 00 65 00 20 00  63 00 75 00 72 00 72 00
65 00 6e 00 74 00 20 00  75 00 73 00 65 00 72 00
20 00 68 00 61 00 73 00  20 00 74 00 68 00 65 00
20 00 53 00 65 00 49 00  6d 00 70 00 65 00 72 00
73 00 6f 00 6e 00 61 00  74 00 65 00 20 00 70 00
72 00 69 00 76 00 69 00  6c 00 65 00 67 00 65 00
2c 00 20 00 74 00 68 00  69 00 73 00 20 00 74 00
6f 00 6f 00 6c 00 20 00  77 00 69 00 6c 00 6c 00
20 00 6c 00 65 00 76 00  65 00 72 00 61 00 67 00
65 00 20 00 74 00 68 00  65 00 20 00 50 00 72 00
69 00 6e 00 74 00 0a 00  20 00 20 00 53 00 70 00
6f 00 6f 00 6c 00 65 00  72 00 20 00 73 00 65 00
72 00 76 00 69 00 63 00  65 00 20 00 74 00 6f 00
20 00 67 00 65 00 74 00  20 00 61 00 20 00 53 00
59 00 53 00 54 00 45 00  4d 00 20 00 74 00 6f 00
6b 00 65 00 6e 00 20 00  61 00 6e 00 64 00 20 00
74 00 68 00 65 00 6e 00  20 00 72 00 75 00 6e 00
20 00 61 00 20 00 63 00  75 00 73 00 74 00 6f 00
6d 00 20 00 63 00 6f 00  6d 00 6d 00 61 00 6e 00
64 00 20 00 77 00 69 00  74 00 68 00 20 00 43 00
72 00 65 00 61 00 74 00  65 00 50 00 72 00 6f 00
63 00 65 00 73 00 73 00  41 00 73 00 55 00 73 00
65 00 72 00 28 00 29 00  0a 00 0a 00 00 00 00 00
41 00 72 00 67 00 75 00  6d 00 65 00 6e 00 74 00
73 00 3a 00 0a 00 20 00  20 00 2d 00 63 00 20 00
3c 00 43 00 4d 00 44 00  3e 00 20 00 20 00 20 00
20 00 45 00 78 00 65 00  63 00 75 00 74 00 65 00
20 00 74 00 68 00 65 00  20 00 63 00 6f 00 6d 00
6d 00 61 00 6e 00 64 00  20 00 2a 00 43 00 4d 00
44 00 2a 00 0a 00 20 00  20 00 2d 00 69 00 20 00
20 00 20 00 20 00 20 00  20 00 20 00 20 00 20 00
20 00 49 00 6e 00 74 00  65 00 72 00 61 00 63 00
74 00 20 00 77 00 69 00  74 00 68 00 20 00 74 00
68 00 65 00 20 00 6e 00  65 00 77 00 20 00 70 00
72 00 6f 00 63 00 65 00  73 00 73 00 20 00 69 00
6e 00 20 00 74 00 68 00  65 00 20 00 63 00 75 00
72 00 72 00 65 00 6e 00  74 00 20 00 63 00 6f 00
6d 00 6d 00 61 00 6e 00  64 00 20 00 70 00 72 00
6f 00 6d 00 70 00 74 00  20 00 28 00 64 00 65 00
66 00 61 00 75 00 6c 00  74 00 20 00 69 00 73 00
20 00 6e 00 6f 00 6e 00  2d 00 69 00 6e 00 74 00
65 00 72 00 61 00 63 00  74 00 69 00 76 00 65 00
29 00 0a 00 20 00 20 00  2d 00 64 00 20 00 3c 00
49 00 44 00 3e 00 20 00  20 00 20 00 20 00 20 00
53 00 70 00 61 00 77 00  6e 00 20 00 61 00 20 00
6e 00 65 00 77 00 20 00  70 00 72 00 6f 00 63 00
65 00 73 00 73 00 20 00  6f 00 6e 00 20 00 74 00
68 00 65 00 20 00 64 00  65 00 73 00 6b 00 74 00
6f 00 70 00 20 00 63 00  6f 00 72 00 72 00 65 00
73 00 70 00 6f 00 6e 00  64 00 69 00 6e 00 67 00
20 00 74 00 6f 00 20 00  74 00 68 00 69 00 73 00
20 00 73 00 65 00 73 00  73 00 69 00 6f 00 6e 00
20 00 2a 00 49 00 44 00  2a 00 20 00 28 00 63 00
68 00 65 00 63 00 6b 00  20 00 79 00 6f 00 75 00
72 00 20 00 49 00 44 00  20 00 77 00 69 00 74 00
68 00 20 00 71 00 77 00  69 00 6e 00 73 00 74 00
61 00 29 00 0a 00 20 00  20 00 2d 00 68 00 20 00
20 00 20 00 20 00 20 00  20 00 20 00 20 00 20 00
20 00 54 00 68 00 61 00  74 00 27 00 73 00 20 00
6d 00 65 00 20 00 3a 00  29 00 0a 00 0a 00 00 00
45 00 78 00 61 00 6d 00  70 00 6c 00 65 00 73 00
3a 00 0a 00 20 00 20 00  2d 00 20 00 52 00 75 00
6e 00 20 00 50 00 6f 00  77 00 65 00 72 00 53 00
68 00 65 00 6c 00 6c 00  20 00 61 00 73 00 20 00
53 00 59 00 53 00 54 00  45 00 4d 00 20 00 69 00
6e 00 20 00 74 00 68 00  65 00 20 00 63 00 75 00
72 00 72 00 65 00 6e 00  74 00 20 00 63 00 6f 00
6e 00 73 00 6f 00 6c 00  65 00 0a 00 20 00 20 00
20 00 20 00 20 00 20 00  50 00 72 00 69 00 6e 00
74 00 53 00 70 00 6f 00  6f 00 66 00 65 00 72 00
2e 00 65 00 78 00 65 00  20 00 2d 00 69 00 20 00
2d 00 63 00 20 00 70 00  6f 00 77 00 65 00 72 00
73 00 68 00 65 00 6c 00  6c 00 2e 00 65 00 78 00
65 00 0a 00 20 00 20 00  2d 00 20 00 53 00 70 00
61 00 77 00 6e 00 20 00  61 00 20 00 53 00 59 00
53 00 54 00 45 00 4d 00  20 00 63 00 6f 00 6d 00
6d 00 61 00 6e 00 64 00  20 00 70 00 72 00 6f 00
6d 00 70 00 74 00 20 00  6f 00 6e 00 20 00 74 00
68 00 65 00 20 00 64 00  65 00 73 00 6b 00 74 00
6f 00 70 00 20 00 6f 00  66 00 20 00 74 00 68 00
65 00 20 00 73 00 65 00  73 00 73 00 69 00 6f 00
6e 00 20 00 31 00 0a 00  20 00 20 00 20 00 20 00
20 00 20 00 50 00 72 00  69 00 6e 00 74 00 53 00
70 00 6f 00 6f 00 66 00  65 00 72 00 2e 00 65 00
78 00 65 00 20 00 2d 00  64 00 20 00 31 00 20 00
2d 00 63 00 20 00 63 00  6d 00 64 00 2e 00 65 00
78 00 65 00 0a 00 20 00  20 00 2d 00 20 00 47 00
65 00 74 00 20 00 61 00  20 00 53 00 59 00 53 00
54 00 45 00 4d 00 20 00  72 00 65 00 76 00 65 00
72 00 73 00 65 00 20 00  73 00 68 00 65 00 6c 00
6c 00 0a 00 20 00 20 00  20 00 20 00 20 00 20 00
50 00 72 00 69 00 6e 00  74 00 53 00 70 00 6f 00
6f 00 66 00 65 00 72 00  2e 00 65 00 78 00 65 00
20 00 2d 00 63 00 20 00  22 00 63 00 3a 00 5c 00
54 00 65 00 6d 00 70 00  5c 00 6e 00 63 00 2e 00
65 00 78 00 65 00 20 00  31 00 30 00 2e 00 31 00
30 00 2e 00 31 00 33 00  2e 00 33 00 37 00 20 00
31 00 33 00 33 00 37 00  20 00 2d 00 65 00 20 00
63 00 6d 00 64 00 22 00  0a 00 0a 00 00 00 00 00
53 00 65 00 49 00 6d 00  70 00 65 00 72 00 73 00
6f 00 6e 00 61 00 74 00  65 00 50 00 72 00 69 00
76 00 69 00 6c 00 65 00  67 00 65 00 00 00 00 00
5b 00 2d 00 5d 00 20 00  41 00 20 00 70 00 72 00
69 00 76 00 69 00 6c 00  65 00 67 00 65 00 20 00
69 00 73 00 20 00 6d 00  69 00 73 00 73 00 69 00
6e 00 67 00 3a 00 20 00  27 00 25 00 77 00 73 00
27 00 0a 00 00 00 00 00  5b 00 2b 00 5d 00 20 00
46 00 6f 00 75 00 6e 00  64 00 20 00 70 00 72 00
69 00 76 00 69 00 6c 00  65 00 67 00 65 00 3a 00
20 00 25 00 77 00 73 00  0a 00 00 00 00 00 00 00
5b 00 2d 00 5d 00 20 00  46 00 61 00 69 00 6c 00
65 00 64 00 20 00 74 00  6f 00 20 00 67 00 65 00
6e 00 65 00 72 00 61 00  74 00 65 00 20 00 61 00
20 00 6e 00 61 00 6d 00  65 00 20 00 66 00 6f 00
72 00 20 00 74 00 68 00  65 00 20 00 70 00 69 00
70 00 65 00 2e 00 0a 00  00 00 00 00 00 00 00 00
5b 00 2d 00 5d 00 20 00  46 00 61 00 69 00 6c 00
65 00 64 00 20 00 74 00  6f 00 20 00 63 00 72 00
65 00 61 00 74 00 65 00  20 00 61 00 20 00 6e 00
61 00 6d 00 65 00 64 00  20 00 70 00 69 00 70 00
65 00 2e 00 0a 00 00 00  00 00 00 00 00 00 00 00
5b 00 2d 00 5d 00 20 00  46 00 61 00 69 00 6c 00
65 00 64 00 20 00 74 00  6f 00 20 00 63 00 6f 00
6e 00 6e 00 65 00 63 00  74 00 20 00 74 00 68 00
65 00 20 00 6e 00 61 00  6d 00 65 00 64 00 20 00
70 00 69 00 70 00 65 00  2e 00 0a 00 00 00 00 00
5b 00 2b 00 5d 00 20 00  4e 00 61 00 6d 00 65 00
64 00 20 00 70 00 69 00  70 00 65 00 20 00 6c 00
69 00 73 00 74 00 65 00  6e 00 69 00 6e 00 67 00
2e 00 2e 00 2e 00 0a 00  00 00 00 00 00 00 00 00
5b 00 2d 00 5d 00 20 00  46 00 61 00 69 00 6c 00
65 00 64 00 20 00 74 00  6f 00 20 00 74 00 72 00
69 00 67 00 67 00 65 00  72 00 20 00 74 00 68 00
65 00 20 00 53 00 70 00  6f 00 6f 00 6c 00 65 00
72 00 20 00 73 00 65 00  72 00 76 00 69 00 63 00
65 00 2e 00 0a 00 00 00  00 00 00 00 00 00 00 00
5b 00 2d 00 5d 00 20 00  4f 00 70 00 65 00 72 00
61 00 74 00 69 00 6f 00  6e 00 20 00 66 00 61 00
69 00 6c 00 65 00 64 00  20 00 6f 00 72 00 20 00
74 00 69 00 6d 00 65 00  64 00 20 00 6f 00 75 00
74 00 2e 00 0a 00 00 00  00 00 00 00 00 00 00 00
4f 00 70 00 65 00 6e 00  50 00 72 00 6f 00 63 00
65 00 73 00 73 00 54 00  6f 00 6b 00 65 00 6e 00
28 00 29 00 20 00 66 00  61 00 69 00 6c 00 65 00
64 00 2e 00 20 00 45 00  72 00 72 00 6f 00 72 00
3a 00 20 00 25 00 64 00  0a 00 00 00 00 00 00 00
47 00 65 00 74 00 54 00  6f 00 6b 00 65 00 6e 00
49 00 6e 00 66 00 6f 00  72 00 6d 00 61 00 74 00
69 00 6f 00 6e 00 28 00  29 00 20 00 66 00 61 00
69 00 6c 00 65 00 64 00  2e 00 20 00 45 00 72 00
72 00 6f 00 72 00 3a 00  20 00 25 00 64 00 0a 00
00 00 00 00 00 00 00 00  00 00 00 00 00 00 00 00
4c 00 6f 00 6f 00 6b 00  75 00 70 00 50 00 72 00
69 00 76 00 69 00 6c 00  65 00 67 00 65 00 4e 00
61 00 6d 00 65 00 28 00  29 00 20 00 66 00 61 00
69 00 6c 00 65 00 64 00  2e 00 20 00 45 00 72 00
72 00 6f 00 72 00 3a 00  20 00 25 00 64 00 0a 00
00 00 00 00 00 00 00 00  00 00 00 00 00 00 00 00
41 00 64 00 6a 00 75 00  73 00 74 00 54 00 6f 00
6b 00 65 00 6e 00 50 00  72 00 69 00 76 00 69 00
6c 00 65 00 67 00 65 00  73 00 28 00 29 00 20 00
66 00 61 00 69 00 6c 00  65 00 64 00 2e 00 20 00
45 00 72 00 72 00 6f 00  72 00 3a 00 20 00 25 00
64 00 0a 00 00 00 00 00  5c 00 5c 00 2e 00 5c 00
70 00 69 00 70 00 65 00  5c 00 25 00 77 00 73 00
5c 00 70 00 69 00 70 00  65 00 5c 00 73 00 70 00
6f 00 6f 00 6c 00 73 00  73 00 00 00 00 00 00 00
49 00 6e 00 69 00 74 00  69 00 61 00 6c 00 69 00
7a 00 65 00 53 00 65 00  63 00 75 00 72 00 69 00
74 00 79 00 44 00 65 00  73 00 63 00 72 00 69 00
70 00 74 00 6f 00 72 00  28 00 29 00 20 00 66 00
61 00 69 00 6c 00 65 00  64 00 2e 00 20 00 45 00
72 00 72 00 6f 00 72 00  3a 00 20 00 25 00 64 00
0a 00 00 00 00 00 00 00  44 00 3a 00 28 00 41 00
3b 00 4f 00 49 00 43 00  49 00 3b 00 47 00 41 00
3b 00 3b 00 3b 00 57 00  44 00 29 00 00 00 00 00
43 00 6f 00 6e 00 76 00  65 00 72 00 74 00 53 00
74 00 72 00 69 00 6e 00  67 00 53 00 65 00 63 00
75 00 72 00 69 00 74 00  79 00 44 00 65 00 73 00
63 00 72 00 69 00 70 00  74 00 6f 00 72 00 54 00
6f 00 53 00 65 00 63 00  75 00 72 00 69 00 74 00
79 00 44 00 65 00 73 00  63 00 72 00 69 00 70 00
74 00 6f 00 72 00 28 00  29 00 20 00 66 00 61 00
69 00 6c 00 65 00 64 00  2e 00 20 00 45 00 72 00
72 00 6f 00 72 00 3a 00  20 00 25 00 64 00 0a 00
00 00 00 00 00 00 00 00  00 00 00 00 00 00 00 00
43 00 72 00 65 00 61 00  74 00 65 00 4e 00 61 00
6d 00 65 00 64 00 50 00  69 00 70 00 65 00 28 00
29 00 20 00 66 00 61 00  69 00 6c 00 65 00 64 00
2e 00 20 00 45 00 72 00  72 00 6f 00 72 00 3a 00
20 00 25 00 64 00 0a 00  00 00 00 00 00 00 00 00
43 00 72 00 65 00 61 00  74 00 65 00 45 00 76 00
65 00 6e 00 74 00 28 00  29 00 20 00 66 00 61 00
69 00 6c 00 65 00 64 00  2e 00 20 00 45 00 72 00
72 00 6f 00 72 00 3a 00  20 00 25 00 64 00 0a 00
00 00 00 00 00 00 00 00  00 00 00 00 00 00 00 00
43 00 6f 00 6e 00 6e 00  65 00 63 00 74 00 4e 00
61 00 6d 00 65 00 64 00  50 00 69 00 70 00 65 00
28 00 29 00 20 00 66 00  61 00 69 00 6c 00 65 00
64 00 2e 00 20 00 45 00  72 00 72 00 6f 00 72 00
3a 00 20 00 25 00 64 00  0a 00 00 00 00 00 00 00
43 00 72 00 65 00 61 00  74 00 65 00 54 00 68 00
72 00 65 00 61 00 64 00  28 00 29 00 20 00 66 00
61 00 69 00 6c 00 65 00  64 00 2e 00 20 00 45 00
72 00 72 00 6f 00 72 00  3a 00 20 00 25 00 64 00
0a 00 00 00 00 00 00 00  5c 00 5c 00 25 00 77 00
73 00 00 00 00 00 00 00  5c 00 5c 00 25 00 77 00
73 00 2f 00 70 00 69 00  70 00 65 00 2f 00 25 00
77 00 73 00 00 00 00 00  00 00 00 00 00 00 00 00
49 00 6d 00 70 00 65 00  72 00 73 00 6f 00 6e 00
61 00 74 00 65 00 4e 00  61 00 6d 00 65 00 64 00
50 00 69 00 70 00 65 00  43 00 6c 00 69 00 65 00
6e 00 74 00 28 00 29 00  2e 00 20 00 45 00 72 00
72 00 6f 00 72 00 3a 00  20 00 25 00 64 00 0a 00
00 00 00 00 00 00 00 00  4f 00 70 00 65 00 6e 00
54 00 68 00 72 00 65 00  61 00 64 00 54 00 6f 00
6b 00 65 00 6e 00 28 00  29 00 2e 00 20 00 45 00
72 00 72 00 6f 00 72 00  3a 00 20 00 25 00 64 00
0a 00 00 00 00 00 00 00  00 00 00 00 00 00 00 00
44 00 75 00 70 00 6c 00  69 00 63 00 61 00 74 00
65 00 54 00 6f 00 6b 00  65 00 6e 00 45 00 78 00
28 00 29 00 20 00 66 00  61 00 69 00 6c 00 65 00
64 00 2e 00 20 00 45 00  72 00 72 00 6f 00 72 00
3a 00 20 00 25 00 64 00  0a 00 00 00 00 00 00 00
53 00 65 00 74 00 54 00  6f 00 6b 00 65 00 6e 00
49 00 6e 00 66 00 6f 00  72 00 6d 00 61 00 74 00
69 00 6f 00 6e 00 28 00  29 00 20 00 66 00 61 00
69 00 6c 00 65 00 64 00  2e 00 20 00 45 00 72 00
72 00 6f 00 72 00 3a 00  20 00 25 00 64 00 0a 00
00 00 00 00 00 00 00 00  00 00 00 00 00 00 00 00
47 00 65 00 74 00 53 00  79 00 73 00 74 00 65 00
6d 00 44 00 69 00 72 00  65 00 63 00 74 00 6f 00
72 00 79 00 28 00 29 00  20 00 66 00 61 00 69 00
6c 00 65 00 64 00 2e 00  20 00 45 00 72 00 72 00
6f 00 72 00 3a 00 20 00  25 00 64 00 0a 00 00 00
43 00 72 00 65 00 61 00  74 00 65 00 45 00 6e 00
76 00 69 00 72 00 6f 00  6e 00 6d 00 65 00 6e 00
74 00 42 00 6c 00 6f 00  63 00 6b 00 28 00 29 00
20 00 66 00 61 00 69 00  6c 00 65 00 64 00 2e 00
20 00 45 00 72 00 72 00  6f 00 72 00 3a 00 20 00
25 00 64 00 0a 00 00 00  57 00 69 00 6e 00 53 00
74 00 61 00 30 00 5c 00  44 00 65 00 66 00 61 00
75 00 6c 00 74 00 00 00  00 00 00 00 00 00 00 00
5b 00 21 00 5d 00 20 00  43 00 72 00 65 00 61 00
74 00 65 00 50 00 72 00  6f 00 63 00 65 00 73 00
73 00 41 00 73 00 55 00  73 00 65 00 72 00 28 00
29 00 20 00 66 00 61 00  69 00 6c 00 65 00 64 00
20 00 62 00 65 00 63 00  61 00 75 00 73 00 65 00
20 00 6f 00 66 00 20 00  61 00 20 00 6d 00 69 00
73 00 73 00 69 00 6e 00  67 00 20 00 70 00 72 00
69 00 76 00 69 00 6c 00  65 00 67 00 65 00 2c 00
20 00 72 00 65 00 74 00  72 00 79 00 69 00 6e 00
67 00 20 00 77 00 69 00  74 00 68 00 20 00 43 00
72 00 65 00 61 00 74 00  65 00 50 00 72 00 6f 00
63 00 65 00 73 00 73 00  57 00 69 00 74 00 68 00
54 00 6f 00 6b 00 65 00  6e 00 57 00 28 00 29 00
2e 00 0a 00 00 00 00 00  00 00 00 00 00 00 00 00
43 00 72 00 65 00 61 00  74 00 65 00 50 00 72 00
6f 00 63 00 65 00 73 00  73 00 57 00 69 00 74 00
68 00 54 00 6f 00 6b 00  65 00 6e 00 57 00 28 00
29 00 20 00 66 00 61 00  69 00 6c 00 65 00 64 00
2e 00 20 00 45 00 72 00  72 00 6f 00 72 00 3a 00
20 00 25 00 64 00 0a 00  00 00 00 00 00 00 00 00
5b 00 2b 00 5d 00 20 00  43 00 72 00 65 00 61 00
74 00 65 00 50 00 72 00  6f 00 63 00 65 00 73 00
73 00 57 00 69 00 74 00  68 00 54 00 6f 00 6b 00
65 00 6e 00 57 00 28 00  29 00 20 00 4f 00 4b 00
0a 00 00 00 00 00 00 00  00 00 00 00 00 00 00 00
5b 00 21 00 5d 00 20 00  43 00 72 00 65 00 61 00
74 00 65 00 50 00 72 00  6f 00 63 00 65 00 73 00
73 00 57 00 69 00 74 00  68 00 54 00 6f 00 6b 00
65 00 6e 00 57 00 28 00  29 00 20 00 69 00 73 00
6e 00 27 00 74 00 20 00  63 00 6f 00 6d 00 70 00
61 00 74 00 69 00 62 00  6c 00 65 00 20 00 77 00
69 00 74 00 68 00 20 00  6f 00 70 00 74 00 69 00
6f 00 6e 00 20 00 2d 00  69 00 0a 00 00 00 00 00
43 00 72 00 65 00 61 00  74 00 65 00 50 00 72 00
6f 00 63 00 65 00 73 00  73 00 41 00 73 00 55 00
73 00 65 00 72 00 28 00  29 00 20 00 66 00 61 00
69 00 6c 00 65 00 64 00  2e 00 20 00 45 00 72 00
72 00 6f 00 72 00 3a 00  20 00 25 00 64 00 0a 00
00 00 00 00 00 00 00 00  5b 00 2b 00 5d 00 20 00
43 00 72 00 65 00 61 00  74 00 65 00 50 00 72 00
6f 00 63 00 65 00 73 00  73 00 41 00 73 00 55 00
73 00 65 00 72 00 28 00  29 00 20 00 4f 00 4b 00
0a 00 00 00 00 00 00 00  5c 00 70 00 69 00 70 00
65 00 5c 00 73 00 70 00  6f 00 6f 00 6c 00 73 00
73 00 00 00 00 00 00 00  6e 00 63 00 61 00 63 00
6e 00 5f 00 6e 00 70 00  00 00 00 00 00 00 00 00
31 00 32 00 33 00 34 00  35 00 36 00 37 00 38 00
2d 00 31 00 32 00 33 00  34 00 2d 00 41 00 42 00
43 00 44 00 2d 00 45 00  46 00 30 00 30 00 2d 00
30 00 31 00 32 00 33 00  34 00 35 00 36 00 37 00
38 00 39 00 41 00 42 00  00 00 00 00 00 00 00 00
bf 65 5a 5f 00 00 00 00  0d 00 00 00 6c 02 00 00
d0 5b 00 00 d0 4d 00 00  00 00 00 00 bf 65 5a 5f
00 00 00 00 0e 00 00 00  00 00 00 00 00 00 00 00
00 00 00 00 00 00 00 00  00 00 00 00 00 00 00 00
30 01 00 00 00 00 00 00  00 00 00 00 00 00 00 00
00 00 00 00 00 00 00 00  00 00 00 00 00 00 00 00
00 00 00 00 00 00 00 00  00 00 00 00 00 00 00 00
00 00 00 00 00 00 00 00  00 00 00 00 00 00 00 00
00 00 00 00 00 00 00 00  00 00 00 00 00 00 00 00
00 00 00 00 00 00 00 00  08 70 00 40 01 00 00 00
00 00 00 00 00 00 00 00  00 00 00 00 00 00 00 00
f0 32 00 40 01 00 00 00  00 33 00 40 01 00 00 00
00 00 00 00 00 00 00 00  00 00 00 00 00 00 00 00
00 01 00 00 00 00 00 00  00 00 00 00 00 00 00 00
00 00 00 00 00 00 00 00  00 00 00 00 00 00 00 00
00 00 00 00 00 00 00 00  00 00 00 00 00 00 00 00
00 00 00 00 00 00 00 00  00 00 00 00 00 00 00 00
00 00 00 00 00 00 00 00  00 00 00 00 00 00 00 00
00 00 00 00 00 00 00 00  00 00 00 00 00 00 00 00
00 00 00 00 00 00 00 00  00 00 00 00 00 00 00 00
00 00 00 00 00 00 00 00  00 00 00 00 00 00 00 00
00 00 00 00 00 00 00 00  f8 32 00 40 01 00 00 00
08 33 00 40 01 00 00 00  10 33 00 40 01 00 00 00
47 43 54 4c 00 10 00 00  60 1d 00 00 2e 74 65 78
74 24 6d 6e 00 00 00 00  60 2d 00 00 12 00 00 00
2e 74 65 78 74 24 6d 6e  24 30 30 00 72 2d 00 00
36 00 00 00 2e 74 65 78  74 24 78 00 00 30 00 00
f0 02 00 00 2e 69 64 61  74 61 24 35 00 00 00 00
f0 32 00 00 28 00 00 00  2e 30 30 63 66 67 00 00
18 33 00 00 08 00 00 00  2e 43 52 54 24 58 43 41
00 00 00 00 20 33 00 00  08 00 00 00 2e 43 52 54
24 58 43 41 41 00 00 00  28 33 00 00 08 00 00 00
2e 43 52 54 24 58 43 5a  00 00 00 00 30 33 00 00
08 00 00 00 2e 43 52 54  24 58 49 41 00 00 00 00
38 33 00 00 08 00 00 00  2e 43 52 54 24 58 49 41
41 00 00 00 40 33 00 00  08 00 00 00 2e 43 52 54
24 58 49 41 43 00 00 00  48 33 00 00 08 00 00 00
2e 43 52 54 24 58 49 5a  00 00 00 00 50 33 00 00
08 00 00 00 2e 43 52 54  24 58 50 41 00 00 00 00
58 33 00 00 08 00 00 00  2e 43 52 54 24 58 50 5a
00 00 00 00 60 33 00 00  08 00 00 00 2e 43 52 54
24 58 54 41 00 00 00 00  68 33 00 00 08 00 00 00
2e 43 52 54 24 58 54 5a  00 00 00 00 70 33 00 00
60 28 00 00 2e 72 64 61  74 61 00 00 d0 5b 00 00
70 02 00 00 2e 72 64 61  74 61 24 7a 7a 7a 64 62
67 00 00 00 40 5e 00 00  08 00 00 00 2e 72 74 63
24 49 41 41 00 00 00 00  48 5e 00 00 08 00 00 00
2e 72 74 63 24 49 5a 5a  00 00 00 00 50 5e 00 00
08 00 00 00 2e 72 74 63  24 54 41 41 00 00 00 00
58 5e 00 00 08 00 00 00  2e 72 74 63 24 54 5a 5a
00 00 00 00 60 5e 00 00  ec 02 00 00 2e 78 64 61
74 61 00 00 4c 61 00 00  f0 00 00 00 2e 69 64 61
74 61 24 32 00 00 00 00  3c 62 00 00 14 00 00 00
2e 69 64 61 74 61 24 33  00 00 00 00 50 62 00 00
f0 02 00 00 2e 69 64 61  74 61 24 34 00 00 00 00
40 65 00 00 d6 07 00 00  2e 69 64 61 74 61 24 36
00 00 00 00 00 70 00 00  40 00 00 00 2e 64 61 74
61 00 00 00 40 70 00 00  10 06 00 00 2e 62 73 73
00 00 00 00 00 80 00 00  ac 02 00 00 2e 70 64 61
74 61 00 00 00 90 00 00  60 00 00 00 2e 72 73 72
63 24 30 31 00 00 00 00  60 90 00 00 80 01 00 00
2e 72 73 72 63 24 30 32  00 00 00 00 00 00 00 00
00 00 00 00 00 00 00 00  00 00 00 00 00 00 00 00
00 00 00 00 00 00 00 00  00 00 00 00 00 00 00 00
01 1b 04 00 1b 52 17 70  16 60 15 30 01 11 04 00
11 72 0d 60 0c 50 0b 30  21 05 02 00 05 74 07 00
70 10 00 00 ae 10 00 00  6c 5e 00 00 21 05 02 00
05 e4 06 00 ae 10 00 00  b5 10 00 00 78 5e 00 00
21 00 00 00 ae 10 00 00  b5 10 00 00 78 5e 00 00
21 00 02 00 00 74 07 00  70 10 00 00 ae 10 00 00
6c 5e 00 00 21 00 00 00  70 10 00 00 ae 10 00 00
6c 5e 00 00 01 0f 06 00  0f 64 07 00 0f 34 06 00
0f 32 0b 70 19 2f 0b 00  1d 74 1d 00 1d 64 1c 00
1d 54 1b 00 1d 34 1a 00  1d 01 18 00 16 e0 00 00
58 2c 00 00 b0 00 00 00  19 1a 04 00 0c d2 05 e0
03 30 02 50 58 2c 00 00  60 00 00 00 21 08 02 00
08 f4 14 00 60 16 00 00  7c 16 00 00 08 5f 00 00
21 08 02 00 08 64 12 00  7c 16 00 00 5f 17 00 00
1c 5f 00 00 21 08 02 00  08 74 13 00 5f 17 00 00
72 17 00 00 30 5f 00 00  21 00 00 00 5f 17 00 00
72 17 00 00 30 5f 00 00  21 00 00 00 7c 16 00 00
5f 17 00 00 1c 5f 00 00  21 00 00 00 60 16 00 00
7c 16 00 00 08 5f 00 00  19 29 09 00 17 64 1c 00
17 34 1b 00 17 01 16 00  10 f0 0e e0 0c 70 00 00
d4 2c 00 00 01 00 00 00  d9 19 00 00 7c 1a 00 00
01 00 00 00 7c 1a 00 00  a1 00 00 00 19 20 05 00
12 74 27 00 12 01 22 00  06 50 00 00 58 2c 00 00
00 01 00 00 21 08 02 00  08 34 25 00 10 1b 00 00
33 1b 00 00 bc 5f 00 00  21 08 02 00 08 64 26 00
33 1b 00 00 70 1c 00 00  d4 5f 00 00 21 00 00 00
33 1b 00 00 70 1c 00 00  d4 5f 00 00 21 00 00 00
10 1b 00 00 33 1b 00 00  bc 5f 00 00 19 13 01 00
04 a2 00 00 58 2c 00 00  40 00 00 00 21 05 02 00
05 34 0a 00 e0 1e 00 00  32 1f 00 00 1c 60 00 00
21 00 00 00 e0 1e 00 00  32 1f 00 00 1c 60 00 00
19 13 01 00 04 62 00 00  58 2c 00 00 28 00 00 00
01 00 00 00 01 06 02 00  06 32 02 30 01 04 01 00
04 42 00 00 09 0f 06 00  0f 64 09 00 0f 34 08 00
0f 52 0b 70 b0 2b 00 00  02 00 00 00 21 21 00 00
26 22 00 00 72 2d 00 00  26 22 00 00 5a 22 00 00
6c 22 00 00 72 2d 00 00  26 22 00 00 01 06 02 00
06 32 02 50 01 09 01 00  09 62 00 00 01 08 04 00
08 72 04 70 03 60 02 30  09 04 01 00 04 22 00 00
b0 2b 00 00 01 00 00 00  1f 25 00 00 a7 25 00 00
90 2d 00 00 a7 25 00 00  01 02 01 00 02 50 00 00
01 0d 04 00 0d 34 09 00  0d 32 06 50 01 15 05 00
15 34 ba 00 15 01 b8 00  06 50 00 00 01 0a 04 00
0a 34 06 00 0a 32 06 70  01 0f 06 00 0f 64 06 00
0f 34 05 00 0f 12 0b 70  01 00 00 00 01 02 01 00
02 30 00 00 01 19 0a 00  19 74 09 00 19 64 08 00
19 54 07 00 19 34 06 00  19 32 15 e0 c0 62 00 00
00 00 00 00 00 00 00 00  0e 66 00 00 70 30 00 00
50 62 00 00 00 00 00 00  00 00 00 00 6a 67 00 00
00 30 00 00 90 63 00 00  00 00 00 00 00 00 00 00
08 68 00 00 40 31 00 00  d0 63 00 00 00 00 00 00
00 00 00 00 48 68 00 00  80 31 00 00 e8 63 00 00
00 00 00 00 00 00 00 00  aa 68 00 00 98 31 00 00
f8 64 00 00 00 00 00 00  00 00 00 00 e4 6a 00 00
a8 32 00 00 30 65 00 00  00 00 00 00 00 00 00 00
04 6b 00 00 e0 32 00 00  10 64 00 00 00 00 00 00
00 00 00 00 26 6b 00 00  c0 31 00 00 20 64 00 00
00 00 00 00 00 00 00 00  48 6b 00 00 d0 31 00 00
60 64 00 00 00 00 00 00  00 00 00 00 68 6b 00 00
10 32 00 00 50 64 00 00  00 00 00 00 00 00 00 00
8a 6b 00 00 00 32 00 00  40 64 00 00 00 00 00 00
00 00 00 00 aa 6b 00 00  f0 31 00 00 00 00 00 00
00 00 00 00 00 00 00 00  00 00 00 00 00 00 00 00
32 66 00 00 00 00 00 00  52 67 00 00 00 00 00 00
42 67 00 00 00 00 00 00  2c 67 00 00 00 00 00 00
14 67 00 00 00 00 00 00  fa 66 00 00 00 00 00 00
e6 66 00 00 00 00 00 00  c8 66 00 00 00 00 00 00
a8 66 00 00 00 00 00 00  90 66 00 00 00 00 00 00
58 66 00 00 00 00 00 00  44 66 00 00 00 00 00 00
1c 66 00 00 00 00 00 00  00 00 00 00 00 00 00 00
fa 65 00 00 00 00 00 00  e6 65 00 00 00 00 00 00
d6 65 00 00 00 00 00 00  c8 65 00 00 00 00 00 00
b4 65 00 00 00 00 00 00  a4 65 00 00 00 00 00 00
94 65 00 00 00 00 00 00  7e 65 00 00 00 00 00 00
68 65 00 00 00 00 00 00  54 65 00 00 00 00 00 00
40 65 00 00 00 00 00 00  ee 6c 00 00 00 00 00 00
d8 6c 00 00 00 00 00 00  be 6c 00 00 00 00 00 00
a8 6c 00 00 00 00 00 00  92 6c 00 00 00 00 00 00
78 6c 00 00 00 00 00 00  5c 6c 00 00 00 00 00 00
48 6c 00 00 00 00 00 00  2a 6c 00 00 00 00 00 00
0e 6c 00 00 00 00 00 00  fa 6b 00 00 00 00 00 00
e0 6b 00 00 00 00 00 00  cc 6b 00 00 00 00 00 00
02 6d 00 00 00 00 00 00  00 00 00 00 00 00 00 00
fa 67 00 00 00 00 00 00  e8 67 00 00 00 00 00 00
ba 67 00 00 00 00 00 00  78 67 00 00 00 00 00 00
8a 67 00 00 00 00 00 00  9a 67 00 00 00 00 00 00
d6 67 00 00 00 00 00 00  00 00 00 00 00 00 00 00
14 68 00 00 00 00 00 00  2e 68 00 00 00 00 00 00
00 00 00 00 00 00 00 00  54 68 00 00 00 00 00 00
a0 68 00 00 00 00 00 00  82 68 00 00 00 00 00 00
6c 68 00 00 00 00 00 00  00 00 00 00 00 00 00 00
00 69 00 00 00 00 00 00  00 00 00 00 00 00 00 00
26 69 00 00 00 00 00 00  2e 69 00 00 00 00 00 00
72 6a 00 00 00 00 00 00  00 00 00 00 00 00 00 00
5c 6a 00 00 00 00 00 00  00 00 00 00 00 00 00 00
5a 69 00 00 00 00 00 00  00 00 00 00 00 00 00 00
fe 69 00 00 00 00 00 00  38 69 00 00 00 00 00 00
4a 69 00 00 00 00 00 00  24 6a 00 00 00 00 00 00
1a 6a 00 00 00 00 00 00  ca 6a 00 00 00 00 00 00
d8 6a 00 00 00 00 00 00  92 6a 00 00 00 00 00 00
6e 69 00 00 00 00 00 00  e8 69 00 00 00 00 00 00
0c 6a 00 00 00 00 00 00  86 69 00 00 00 00 00 00
2e 6a 00 00 00 00 00 00  ae 6a 00 00 00 00 00 00
e0 69 00 00 00 00 00 00  d2 69 00 00 00 00 00 00
c6 69 00 00 00 00 00 00  a6 69 00 00 00 00 00 00
00 00 00 00 00 00 00 00  e4 68 00 00 00 00 00 00
f0 69 00 00 00 00 00 00  82 6a 00 00 00 00 00 00
bc 68 00 00 00 00 00 00  0a 69 00 00 00 00 00 00
da 68 00 00 00 00 00 00  00 00 00 00 00 00 00 00
ce 68 00 00 00 00 00 00  00 00 00 00 00 00 00 00
1d 02 47 65 74 43 75 72  72 65 6e 74 50 72 6f 63
65 73 73 00 dc 00 43 72  65 61 74 65 4e 61 6d 65
64 50 69 70 65 57 00 00  e6 05 57 61 69 74 46 6f
72 53 69 6e 67 6c 65 4f  62 6a 65 63 74 00 e7 02
47 65 74 53 79 73 74 65  6d 44 69 72 65 63 74 6f
72 79 57 00 bf 00 43 72  65 61 74 65 45 76 65 6e
74 57 00 00 67 02 47 65  74 4c 61 73 74 45 72 72
6f 72 00 00 21 02 47 65  74 43 75 72 72 65 6e 74
54 68 72 65 61 64 00 00  86 00 43 6c 6f 73 65 48
61 6e 64 6c 65 00 f2 00  43 72 65 61 74 65 54 68
72 65 61 64 00 00 e5 01  47 65 74 43 6f 6d 70 75
74 65 72 4e 61 6d 65 57  00 00 9c 00 43 6f 6e 6e
65 63 74 4e 61 6d 65 64  50 69 70 65 00 00 4b 45
52 4e 45 4c 33 32 2e 64  6c 6c 00 00 70 01 47 65
74 54 6f 6b 65 6e 49 6e  66 6f 72 6d 61 74 69 6f
6e 00 1a 02 4f 70 65 6e  54 68 72 65 61 64 54 6f
6b 65 6e 00 f1 00 44 75  70 6c 69 63 61 74 65 54
6f 6b 65 6e 45 78 00 00  81 00 43 6f 6e 76 65 72
74 53 74 72 69 6e 67 53  65 63 75 72 69 74 79 44
65 73 63 72 69 70 74 6f  72 54 6f 53 65 63 75 72
69 74 79 44 65 73 63 72  69 70 74 6f 72 57 00 00
8b 00 43 72 65 61 74 65  50 72 6f 63 65 73 73 41
73 55 73 65 72 57 00 00  8f 01 49 6e 69 74 69 61
6c 69 7a 65 53 65 63 75  72 69 74 79 44 65 73 63
72 69 70 74 6f 72 00 00  8c 01 49 6d 70 65 72 73
6f 6e 61 74 65 4e 61 6d  65 64 50 69 70 65 43 6c
69 65 6e 74 00 00 15 02  4f 70 65 6e 50 72 6f 63
65 73 73 54 6f 6b 65 6e  00 00 8d 00 43 72 65 61
74 65 50 72 6f 63 65 73  73 57 69 74 68 54 6f 6b
65 6e 57 00 ad 01 4c 6f  6f 6b 75 70 50 72 69 76
69 6c 65 67 65 4e 61 6d  65 57 00 00 f4 02 53 65
74 54 6f 6b 65 6e 49 6e  66 6f 72 6d 61 74 69 6f
6e 00 c1 02 52 65 76 65  72 74 54 6f 53 65 6c 66
00 00 1f 00 41 64 6a 75  73 74 54 6f 6b 65 6e 50
72 69 76 69 6c 65 67 65  73 00 41 44 56 41 50 49
33 32 2e 64 6c 6c 00 00  a4 00 4e 64 72 43 6c 69
65 6e 74 43 61 6c 6c 33  00 00 26 02 55 75 69 64
54 6f 53 74 72 69 6e 67  57 00 76 01 52 70 63 42
69 6e 64 69 6e 67 46 72  6f 6d 53 74 72 69 6e 67
42 69 6e 64 69 6e 67 57  00 00 10 02 52 70 63 53
74 72 69 6e 67 42 69 6e  64 69 6e 67 43 6f 6d 70
6f 73 65 57 00 00 14 02  52 70 63 53 74 72 69 6e
67 46 72 65 65 57 00 00  74 01 52 70 63 42 69 6e
64 69 6e 67 46 72 65 65  00 00 1d 02 55 75 69 64
43 72 65 61 74 65 00 00  52 50 43 52 54 34 2e 64
6c 6c 00 00 0a 00 44 65  73 74 72 6f 79 45 6e 76
69 72 6f 6e 6d 65 6e 74  42 6c 6f 63 6b 00 03 00
43 72 65 61 74 65 45 6e  76 69 72 6f 6e 6d 65 6e
74 42 6c 6f 63 6b 00 00  55 53 45 52 45 4e 56 2e
64 6c 6c 00 08 00 5f 5f  43 5f 73 70 65 63 69 66
69 63 5f 68 61 6e 64 6c  65 72 00 00 1b 00 5f 5f
63 75 72 72 65 6e 74 5f  65 78 63 65 70 74 69 6f
6e 00 1c 00 5f 5f 63 75  72 72 65 6e 74 5f 65 78
63 65 70 74 69 6f 6e 5f  63 6f 6e 74 65 78 74 00
3e 00 6d 65 6d 73 65 74  00 00 56 43 52 55 4e 54
49 4d 45 31 34 30 2e 64  6c 6c 00 00 00 00 5f 5f
61 63 72 74 5f 69 6f 62  5f 66 75 6e 63 00 4a 00
5f 77 63 73 69 63 6d 70  00 00 77 00 66 66 6c 75
73 68 00 00 07 00 5f 5f  73 74 64 69 6f 5f 63 6f
6d 6d 6f 6e 5f 76 66 77  70 72 69 6e 74 66 00 00
73 00 77 63 73 74 6f 75  6c 00 11 00 5f 5f 73 74
64 69 6f 5f 63 6f 6d 6d  6f 6e 5f 76 73 77 70 72
69 6e 74 66 00 00 18 00  66 72 65 65 00 00 19 00
6d 61 6c 6c 6f 63 00 00  40 00 5f 73 65 68 5f 66
69 6c 74 65 72 5f 65 78  65 00 42 00 5f 73 65 74
5f 61 70 70 5f 74 79 70  65 00 09 00 5f 5f 73 65
74 75 73 65 72 6d 61 74  68 65 72 72 00 00 19 00
5f 63 6f 6e 66 69 67 75  72 65 5f 77 69 64 65 5f
61 72 67 76 00 00 35 00  5f 69 6e 69 74 69 61 6c
69 7a 65 5f 77 69 64 65  5f 65 6e 76 69 72 6f 6e
6d 65 6e 74 00 00 29 00  5f 67 65 74 5f 69 6e 69
74 69 61 6c 5f 77 69 64  65 5f 65 6e 76 69 72 6f
6e 6d 65 6e 74 00 36 00  5f 69 6e 69 74 74 65 72
6d 00 37 00 5f 69 6e 69  74 74 65 72 6d 5f 65 00
55 00 65 78 69 74 00 00  23 00 5f 65 78 69 74 00
54 00 5f 73 65 74 5f 66  6d 6f 64 65 00 00 04 00
5f 5f 70 5f 5f 5f 61 72  67 63 00 00 06 00 5f 5f
70 5f 5f 5f 77 61 72 67  76 00 16 00 5f 63 65 78
69 74 00 00 15 00 5f 63  5f 65 78 69 74 00 3d 00
5f 72 65 67 69 73 74 65  72 5f 74 68 72 65 61 64
5f 6c 6f 63 61 6c 5f 65  78 65 5f 61 74 65 78 69
74 5f 63 61 6c 6c 62 61  63 6b 00 00 08 00 5f 63
6f 6e 66 69 67 74 68 72  65 61 64 6c 6f 63 61 6c
65 00 16 00 5f 73 65 74  5f 6e 65 77 5f 6d 6f 64
65 00 01 00 5f 5f 70 5f  5f 63 6f 6d 6d 6f 64 65
00 00 34 00 5f 69 6e 69  74 69 61 6c 69 7a 65 5f
6f 6e 65 78 69 74 5f 74  61 62 6c 65 00 00 3c 00
5f 72 65 67 69 73 74 65  72 5f 6f 6e 65 78 69 74
5f 66 75 6e 63 74 69 6f  6e 00 1e 00 5f 63 72 74
5f 61 74 65 78 69 74 00  67 00 74 65 72 6d 69 6e
61 74 65 00 61 70 69 2d  6d 73 2d 77 69 6e 2d 63
72 74 2d 73 74 64 69 6f  2d 6c 31 2d 31 2d 30 2e
64 6c 6c 00 61 70 69 2d  6d 73 2d 77 69 6e 2d 63
72 74 2d 73 74 72 69 6e  67 2d 6c 31 2d 31 2d 30
2e 64 6c 6c 00 00 61 70  69 2d 6d 73 2d 77 69 6e
2d 63 72 74 2d 63 6f 6e  76 65 72 74 2d 6c 31 2d
31 2d 30 2e 64 6c 6c 00  61 70 69 2d 6d 73 2d 77
69 6e 2d 63 72 74 2d 68  65 61 70 2d 6c 31 2d 31
2d 30 2e 64 6c 6c 00 00  61 70 69 2d 6d 73 2d 77
69 6e 2d 63 72 74 2d 72  75 6e 74 69 6d 65 2d 6c
31 2d 31 2d 30 2e 64 6c  6c 00 61 70 69 2d 6d 73
2d 77 69 6e 2d 63 72 74  2d 6d 61 74 68 2d 6c 31
2d 31 2d 30 2e 64 6c 6c  00 00 61 70 69 2d 6d 73
2d 77 69 6e 2d 63 72 74  2d 6c 6f 63 61 6c 65 2d
6c 31 2d 31 2d 30 2e 64  6c 6c 00 00 d3 04 52 74
6c 43 61 70 74 75 72 65  43 6f 6e 74 65 78 74 00
da 04 52 74 6c 4c 6f 6f  6b 75 70 46 75 6e 63 74
69 6f 6e 45 6e 74 72 79  00 00 e1 04 52 74 6c 56
69 72 74 75 61 6c 55 6e  77 69 6e 64 00 00 bc 05
55 6e 68 61 6e 64 6c 65  64 45 78 63 65 70 74 69
6f 6e 46 69 6c 74 65 72  00 00 7b 05 53 65 74 55
6e 68 61 6e 64 6c 65 64  45 78 63 65 70 74 69 6f
6e 46 69 6c 74 65 72 00  9a 05 54 65 72 6d 69 6e
61 74 65 50 72 6f 63 65  73 73 00 00 89 03 49 73
50 72 6f 63 65 73 73 6f  72 46 65 61 74 75 72 65
50 72 65 73 65 6e 74 00  50 04 51 75 65 72 79 50
65 72 66 6f 72 6d 61 6e  63 65 43 6f 75 6e 74 65
72 00 1e 02 47 65 74 43  75 72 72 65 6e 74 50 72
6f 63 65 73 73 49 64 00  22 02 47 65 74 43 75 72
72 65 6e 74 54 68 72 65  61 64 49 64 00 00 f0 02
47 65 74 53 79 73 74 65  6d 54 69 6d 65 41 73 46
69 6c 65 54 69 6d 65 00  6c 03 49 6e 69 74 69 61
6c 69 7a 65 53 4c 69 73  74 48 65 61 64 00 82 03
49 73 44 65 62 75 67 67  65 72 50 72 65 73 65 6e
74 00 7e 02 47 65 74 4d  6f 64 75 6c 65 48 61 6e
64 6c 65 57 00 00 00 00  00 00 00 00 00 00 00 00
00 00 00 00 00 00 00 00  00 00 00 00 00 00 00 00
00 00 00 00 00 00 00 00  00 00 00 00 00 00 00 00
00 00 00 00 00 00 00 00  00 00 00 00 00 00 00 00
00 00 00 00 00 00 00 00  00 00 00 00 00 00 00 00
00 00 00 00 00 00 00 00  00 00 00 00 00 00 00 00
00 00 00 00 00 00 00 00  00 00 00 00 00 00 00 00
00 00 00 00 00 00 00 00  00 00 00 00 00 00 00 00
00 00 00 00 00 00 00 00  00 00 00 00 00 00 00 00
00 00 00 00 00 00 00 00  00 00 00 00 00 00 00 00
00 00 00 00 00 00 00 00  00 00 00 00 00 00 00 00
00 00 00 00 00 00 00 00  00 00 00 00 00 00 00 00
00 00 00 00 00 00 00 00  00 00 00 00 00 00 00 00
00 00 00 00 00 00 00 00  00 00 00 00 00 00 00 00
00 00 00 00 00 00 00 00  00 00 00 00 00 00 00 00
cd 5d 20 d2 66 d4 ff ff  32 a2 df 2d 99 2b 00 00
ff ff ff ff 01 00 00 00  01 00 00 00 02 00 00 00
2f 20 00 00 00 00 00 00  00 f8 00 00 00 00 00 00
01 00 00 00 00 00 00 00  00 00 00 00 00 00 00 00
00 00 00 00 00 00 00 00  00 00 00 00 00 00 00 00
00 00 00 00 00 00 00 00  00 00 00 00 00 00 00 00
00 00 00 00 00 00 00 00  00 00 00 00 00 00 00 00
00 00 00 00 00 00 00 00  00 00 00 00 00 00 00 00
00 00 00 00 00 00 00 00  00 00 00 00 00 00 00 00
00 00 00 00 00 00 00 00  00 00 00 00 00 00 00 00
00 00 00 00 00 00 00 00  00 00 00 00 00 00 00 00
00 00 00 00 00 00 00 00  00 00 00 00 00 00 00 00
00 00 00 00 00 00 00 00  00 00 00 00 00 00 00 00
00 00 00 00 00 00 00 00  00 00 00 00 00 00 00 00
00 00 00 00 00 00 00 00  00 00 00 00 00 00 00 00
00 00 00 00 00 00 00 00  00 00 00 00 00 00 00 00
00 00 00 00 00 00 00 00  00 00 00 00 00 00 00 00
00 00 00 00 00 00 00 00  00 00 00 00 00 00 00 00
00 00 00 00 00 00 00 00  00 00 00 00 00 00 00 00
00 00 00 00 00 00 00 00  00 00 00 00 00 00 00 00
00 00 00 00 00 00 00 00  00 00 00 00 00 00 00 00
00 00 00 00 00 00 00 00  00 00 00 00 00 00 00 00
00 00 00 00 00 00 00 00  00 00 00 00 00 00 00 00
00 00 00 00 00 00 00 00  00 00 00 00 00 00 00 00
00 00 00 00 00 00 00 00  00 00 00 00 00 00 00 00
00 00 00 00 00 00 00 00  00 00 00 00 00 00 00 00
00 00 00 00 00 00 00 00  00 00 00 00 00 00 00 00
00 00 00 00 00 00 00 00  00 00 00 00 00 00 00 00
00 00 00 00 00 00 00 00  00 00 00 00 00 00 00 00
00 00 00 00 00 00 00 00  00 00 00 00 00 00 00 00
00 00 00 00 00 00 00 00  00 00 00 00 00 00 00 00
00 00 00 00 00 00 00 00  00 00 00 00 00 00 00 00
10 10 00 00 65 10 00 00  60 5e 00 00 70 10 00 00
ae 10 00 00 6c 5e 00 00  ae 10 00 00 b5 10 00 00
78 5e 00 00 b5 10 00 00  fb 10 00 00 8c 5e 00 00
fb 10 00 00 17 11 00 00  a0 5e 00 00 17 11 00 00
27 11 00 00 b0 5e 00 00  27 11 00 00 2f 11 00 00
c4 5e 00 00 30 11 00 00  00 13 00 00 d4 5e 00 00
00 13 00 00 57 16 00 00  e4 5e 00 00 60 16 00 00
7c 16 00 00 08 5f 00 00  7c 16 00 00 5f 17 00 00
1c 5f 00 00 5f 17 00 00  72 17 00 00 30 5f 00 00
72 17 00 00 a8 18 00 00  44 5f 00 00 a8 18 00 00
b0 18 00 00 58 5f 00 00  b0 18 00 00 c1 18 00 00
68 5f 00 00 c1 18 00 00  ec 18 00 00 78 5f 00 00
f0 18 00 00 02 1b 00 00  88 5f 00 00 10 1b 00 00
33 1b 00 00 bc 5f 00 00  33 1b 00 00 70 1c 00 00
d4 5f 00 00 70 1c 00 00  4e 1e 00 00 e8 5f 00 00
4e 1e 00 00 8e 1e 00 00  fc 5f 00 00 8e 1e 00 00
d2 1e 00 00 0c 60 00 00  e0 1e 00 00 32 1f 00 00
1c 60 00 00 32 1f 00 00  53 1f 00 00 2c 60 00 00
53 1f 00 00 7e 1f 00 00  40 60 00 00 80 1f 00 00
b5 1f 00 00 50 60 00 00  f0 1f 00 00 11 20 00 00
60 60 00 00 14 20 00 00  ca 20 00 00 64 60 00 00
cc 20 00 00 dc 20 00 00  6c 60 00 00 dc 20 00 00
f5 20 00 00 6c 60 00 00  f8 20 00 00 74 22 00 00
74 60 00 00 74 22 00 00  86 22 00 00 6c 60 00 00
88 22 00 00 bc 22 00 00  64 60 00 00 bc 22 00 00
8d 23 00 00 b4 60 00 00  90 23 00 00 01 24 00 00
bc 60 00 00 04 24 00 00  3d 24 00 00 6c 60 00 00
40 24 00 00 89 24 00 00  64 60 00 00 8c 24 00 00
17 25 00 00 64 60 00 00  18 25 00 00 ae 25 00 00
c8 60 00 00 b0 25 00 00  d4 25 00 00 64 60 00 00
d4 25 00 00 fd 25 00 00  64 60 00 00 00 26 00 00
3a 26 00 00 64 60 00 00  3c 26 00 00 53 26 00 00
6c 60 00 00 54 26 00 00  00 27 00 00 f0 60 00 00
34 27 00 00 4f 27 00 00  6c 60 00 00 74 27 00 00
be 28 00 00 fc 60 00 00  c8 28 00 00 1a 29 00 00
6c 60 00 00 2c 29 00 00  87 29 00 00 0c 61 00 00
88 29 00 00 c4 29 00 00  0c 61 00 00 c4 29 00 00
00 2a 00 00 0c 61 00 00  00 2a 00 00 a1 2b 00 00
18 61 00 00 58 2c 00 00  75 2c 00 00 6c 60 00 00
78 2c 00 00 d3 2c 00 00  2c 61 00 00 d4 2c 00 00
59 2d 00 00 34 61 00 00  70 2d 00 00 72 2d 00 00
28 61 00 00 72 2d 00 00  90 2d 00 00 ac 60 00 00
90 2d 00 00 a8 2d 00 00  e8 60 00 00 00 00 00 00
00 00 00 00 00 00 00 00  00 00 00 00 00 00 00 00
00 00 00 00 00 00 00 00  00 00 00 00 00 00 00 00
00 00 00 00 00 00 00 00  00 00 00 00 00 00 00 00
00 00 00 00 00 00 00 00  00 00 00 00 00 00 00 00
00 00 00 00 00 00 00 00  00 00 00 00 00 00 00 00
00 00 00 00 00 00 00 00  00 00 00 00 00 00 00 00
00 00 00 00 00 00 00 00  00 00 00 00 00 00 00 00
00 00 00 00 00 00 00 00  00 00 00 00 00 00 00 00
00 00 00 00 00 00 00 00  00 00 00 00 00 00 00 00
00 00 00 00 00 00 00 00  00 00 00 00 00 00 00 00
00 00 00 00 00 00 00 00  00 00 00 00 00 00 00 00
00 00 00 00 00 00 00 00  00 00 00 00 00 00 00 00
00 00 00 00 00 00 00 00  00 00 00 00 00 00 00 00
00 00 00 00 00 00 00 00  00 00 00 00 00 00 00 00
00 00 00 00 00 00 00 00  00 00 00 00 00 00 00 00
00 00 00 00 00 00 00 00  00 00 00 00 00 00 00 00
00 00 00 00 00 00 00 00  00 00 00 00 00 00 00 00
00 00 00 00 00 00 00 00  00 00 00 00 00 00 00 00
00 00 00 00 00 00 00 00  00 00 00 00 00 00 00 00
00 00 00 00 00 00 00 00  00 00 00 00 00 00 00 00
00 00 00 00 00 00 00 00  00 00 00 00 00 00 00 00
00 00 00 00 00 00 00 00  00 00 00 00 00 00 01 00
18 00 00 00 18 00 00 80  00 00 00 00 00 00 00 00
00 00 00 00 00 00 01 00  01 00 00 00 30 00 00 80
00 00 00 00 00 00 00 00  00 00 00 00 00 00 01 00
09 04 00 00 48 00 00 00  60 90 00 00 7d 01 00 00
00 00 00 00 00 00 00 00  00 00 00 00 00 00 00 00
3c 3f 78 6d 6c 20 76 65  72 73 69 6f 6e 3d 27 31
2e 30 27 20 65 6e 63 6f  64 69 6e 67 3d 27 55 54
46 2d 38 27 20 73 74 61  6e 64 61 6c 6f 6e 65 3d
27 79 65 73 27 3f 3e 0d  0a 3c 61 73 73 65 6d 62
6c 79 20 78 6d 6c 6e 73  3d 27 75 72 6e 3a 73 63
68 65 6d 61 73 2d 6d 69  63 72 6f 73 6f 66 74 2d
63 6f 6d 3a 61 73 6d 2e  76 31 27 20 6d 61 6e 69
66 65 73 74 56 65 72 73  69 6f 6e 3d 27 31 2e 30
27 3e 0d 0a 20 20 3c 74  72 75 73 74 49 6e 66 6f
20 78 6d 6c 6e 73 3d 22  75 72 6e 3a 73 63 68 65
6d 61 73 2d 6d 69 63 72  6f 73 6f 66 74 2d 63 6f
6d 3a 61 73 6d 2e 76 33  22 3e 0d 0a 20 20 20 20
3c 73 65 63 75 72 69 74  79 3e 0d 0a 20 20 20 20
20 20 3c 72 65 71 75 65  73 74 65 64 50 72 69 76
69 6c 65 67 65 73 3e 0d  0a 20 20 20 20 20 20 20
20 3c 72 65 71 75 65 73  74 65 64 45 78 65 63 75
74 69 6f 6e 4c 65 76 65  6c 20 6c 65 76 65 6c 3d
27 61 73 49 6e 76 6f 6b  65 72 27 20 75 69 41 63
63 65 73 73 3d 27 66 61  6c 73 65 27 20 2f 3e 0d
0a 20 20 20 20 20 20 3c  2f 72 65 71 75 65 73 74
65 64 50 72 69 76 69 6c  65 67 65 73 3e 0d 0a 20
20 20 20 3c 2f 73 65 63  75 72 69 74 79 3e 0d 0a
20 20 3c 2f 74 72 75 73  74 49 6e 66 6f 3e 0d 0a
3c 2f 61 73 73 65 6d 62  6c 79 3e 0d 0a 00 00 00
00 00 00 00 00 00 00 00  00 00 00 00 00 00 00 00
00 00 00 00 00 00 00 00  00 00 00 00 00 00 00 00
00 30 00 00 f8 00 00 00  f0 a2 f8 a2 00 a3 08 a3
10 a3 20 a3 38 a3 40 a3  70 a3 78 a3 d0 a3 e0 a3
e8 a3 20 a4 30 a4 40 a4  50 a4 60 a4 70 a4 a8 a4
d0 a4 d8 a4 e0 a4 e8 a4  f0 a4 f8 a4 00 a5 08 a5
10 a5 18 a5 20 a5 28 a5  30 a5 38 a5 40 a5 48 a5
50 a5 58 a5 60 a5 68 a5  70 a5 78 a5 80 a5 88 a5
90 a5 98 a5 a0 a5 a8 a5  b0 a5 b8 a5 c0 a5 c8 a5
d0 a5 d8 a5 e0 a5 e8 a5  f0 a5 f8 a5 00 a6 08 a6
10 a6 18 a6 20 a6 28 a6  30 a6 38 a6 40 a6 48 a6
50 a6 58 a6 60 a6 68 a6  70 a6 78 a6 80 a6 88 a6
90 a6 98 a6 a0 a6 a8 a6  b0 a6 b8 a6 c0 a6 c8 a6
d0 a6 d8 a6 e8 a6 f0 a6  f8 a6 00 a7 08 a7 18 a7
c0 a7 00 a8 50 a8 60 a8  90 a8 98 a8 a0 a8 a8 a8
b8 a8 d0 a8 18 a9 30 a9  40 a9 68 a9 c0 a9 c8 a9
d0 a9 18 aa 48 aa 70 aa  a0 aa b0 aa c0 aa d0 aa
e0 aa f0 aa 00 ab 00 00  00 40 00 00 1c 00 00 00
68 a4 70 a4 88 a4 b0 a4  c8 a4 68 a5 78 a5 a0 a5
b0 a5 00 00 00 50 00 00  14 00 00 00 f8 aa 10 ab
18 ab b8 ab c0 ab c8 ab  00 00 00 00 00 00 00 00
00 00 00 00 00 00 00 00  00 00 00 00 00 00 00 00
00 00 00 00 00 00 00 00  00 00 00 00 00 00 00 00
00 00 00 00 00 00 00 00  00 00 00 00 00 00 00 00
00 00 00 00 00 00 00 00  00 00 00 00 00 00 00 00
00 00 00 00 00 00 00 00  00 00 00 00 00 00 00 00
00 00 00 00 00 00 00 00  00 00 00 00 00 00 00 00
00 00 00 00 00 00 00 00  00 00 00 00 00 00 00 00
00 00 00 00 00 00 00 00  00 00 00 00 00 00 00 00
00 00 00 00 00 00 00 00  00 00 00 00 00 00 00 00
00 00 00 00 00 00 00 00  00 00 00 00 00 00 00 00
00 00 00 00 00 00 00 00  00 00 00 00 00 00 00 00
00 00 00 00 00 00 00 00  00 00 00 00 00 00 00 00
00 00 00 00 00 00 00 00  00 00 00 00 00 00 00 00
